Trabalho de Grafos
Autor: Helder Linhares Bertoldo dos Reis
Matrícula: 201465555A


- Análise do Grafo -

Número de Vértices: 595
Número de Arestas: 27847



Algoritmo Construtivo Guloso
Cobertura de Menor Custo: 570
Vertices Utilizados: 
49, 478, 247, 232, 490, 248, 237, 558, 254, 9, 50, 235, 387, 545, 44, 15, 36, 403, 419, 241, 410, 4, 37, 40, 414, 22, 231, 240, 388, 416, 24, 222, 492, 556, 11, 249, 484, 591, 13, 325, 375, 546, 62, 250, 3, 20, 230, 551, 244, 346, 592, 225, 385, 30, 313, 422, 486, 229, 252, 579, 14, 383, 417, 251, 287, 350, 295, 312, 421, 255, 301, 353, 391, 582, 276, 51, 227, 281, 352, 238, 413, 552, 6, 242, 304, 7, 25, 245, 409, 89, 277, 589, 33, 233, 285, 377, 354, 372, 382, 395, 548, 29, 163, 280, 543, 34, 342, 406, 283, 529, 561, 12, 102, 539, 23, 378, 418, 489, 205, 355, 595, 28, 234, 282, 246, 379, 411, 5, 356, 278, 367, 423, 493, 540, 47, 228, 402, 90, 284, 21, 221, 224, 286, 341, 424, 557, 594, 27, 288, 1, 187, 289, 376, 425, 528, 349, 368, 553, 580, 169, 273, 17, 18, 88, 327, 371, 384, 400, 26, 71, 155, 347, 223, 239, 440, 550, 67, 159, 261, 348, 587, 358, 386, 487, 165, 213, 401, 10, 243, 265, 274, 226, 290, 343, 389, 432, 87, 216, 330, 399, 541, 593, 308, 477, 32, 162, 215, 338, 381, 415, 537, 2, 262, 390, 122, 177, 218, 345, 435, 534, 268, 317, 482, 19, 103, 299, 185, 263, 279, 344, 362, 396, 365, 412, 434, 180, 270, 520, 586, 78, 164, 202, 209, 380, 535, 31, 182, 214, 314, 337, 351, 544, 219, 465, 184, 364, 420, 531, 70, 326, 404, 428, 41, 75, 97, 167, 211, 272, 405, 173, 333, 359, 533, 91, 186, 253, 334, 523, 315, 357, 210, 256, 302, 328, 466, 504, 8, 99, 264, 275, 366, 392, 171, 269, 293, 339, 437, 38, 158, 217, 363, 398, 470, 542, 92, 336, 431, 501, 57, 172, 394, 35, 74, 101, 123, 207, 258, 441, 460, 554, 144, 176, 220, 476, 197, 305, 323, 500, 521, 66, 150, 324, 46, 96, 109, 168, 307, 429, 445, 77, 191, 266, 291, 433, 485, 497, 538, 58, 141, 300, 361, 450, 467, 121, 204, 319, 495, 547, 574, 114, 178, 257, 436, 43, 118, 146, 451, 464, 508, 536, 563, 52, 93, 132, 201, 294, 370, 517, 175, 267, 462, 575, 107, 131, 137, 193, 318, 443, 491, 494, 59, 140, 160, 449, 590, 39, 98, 152, 181, 461, 511, 69, 110, 127, 154, 442, 530, 549, 42, 68, 73, 134, 444, 506, 48, 94, 104, 156, 196, 297, 316, 331, 522, 566, 105, 455, 468, 576, 585, 106, 124, 195, 306, 310, 502, 526, 53, 72, 139, 236, 447, 507, 577, 85, 149, 188, 335, 439, 453, 472, 512, 54, 108, 190, 360, 473, 525, 569, 79, 125, 151, 271, 311, 332, 374, 481, 578, 55, 153, 463, 509, 112, 130, 192, 259, 456, 524, 571, 116, 145, 199, 320, 427, 459, 488, 63, 80, 208, 498, 560, 562, 16, 64, 81, 119, 128, 142, 200, 407, 519, 565, 583, 95, 136, 161, 303, 373, 452, 505, 527, 573, 60, 426, 454, 475, 483, 135, 138, 157, 322, 457, 499, 514, 45, 65, 76, 111, 179, 194, 397, 474, 564, 588, 113, 120, 147, 296, 438, 458, 496, 513, 570, 56, 82, 115, 126, 166, 189, 321, 479, 518, 84, 129, 148, 369, 393, 446, 503, 559, 567, 581, 86, 174, 198, 206, 292, 329, 469, 515, 568
Tempo de Execuçao: 0.283638 s


Algoritmo Construtivo Guloso Randomizado
--- Descrição da Cobertura Mínimal em Custo de Vértices Ponderados ---

Alfa: 0.150000
Cobertura de Menor Custo: 570
Melhor Semente: 2
Vertices utilizados: 
561, 250, 403, 246, 377, 402, 492, 245, 232, 48, 247, 229, 416, 29, 539, 414, 242, 11, 41, 43, 15, 51, 254, 231, 488, 50, 38, 312, 378, 227, 9, 582, 37, 304, 36, 44, 233, 230, 558, 387, 14, 12, 385, 411, 478, 556, 225, 325, 252, 406, 375, 249, 352, 313, 23, 40, 67, 244, 592, 47, 5, 20, 425, 342, 221, 353, 490, 295, 241, 205, 3, 49, 553, 543, 486, 548, 418, 383, 419, 545, 102, 594, 92, 346, 350, 240, 281, 235, 391, 421, 255, 282, 409, 280, 169, 285, 591, 283, 327, 367, 477, 10, 278, 238, 317, 551, 415, 388, 27, 298, 355, 17, 423, 424, 222, 401, 287, 410, 493, 540, 372, 7, 484, 13, 557, 155, 299, 328, 400, 587, 413, 226, 186, 440, 22, 595, 68, 358, 18, 354, 550, 482, 593, 90, 87, 112, 389, 284, 1, 163, 349, 33, 25, 531, 376, 182, 162, 6, 399, 289, 379, 276, 552, 274, 224, 579, 347, 216, 273, 384, 382, 164, 32, 380, 435, 422, 586, 165, 390, 585, 28, 19, 251, 483, 34, 432, 537, 173, 288, 210, 89, 428, 30, 71, 277, 534, 239, 395, 308, 301, 341, 529, 348, 185, 243, 103, 215, 248, 290, 463, 368, 88, 223, 371, 356, 420, 154, 159, 580, 234, 338, 272, 262, 256, 479, 535, 265, 386, 554, 187, 211, 228, 202, 237, 24, 171, 59, 345, 337, 396, 261, 267, 122, 441, 465, 269, 177, 546, 351, 533, 214, 394, 220, 114, 101, 8, 344, 293, 314, 268, 560, 364, 434, 172, 326, 359, 93, 209, 318, 334, 121, 263, 507, 589, 320, 381, 212, 305, 21, 218, 442, 286, 74, 219, 270, 506, 366, 257, 16, 197, 330, 213, 417, 408, 306, 528, 175, 78, 333, 397, 4, 217, 302, 336, 357, 412, 321, 97, 31, 523, 178, 2, 158, 339, 392, 75, 500, 504, 26, 565, 583, 487, 362, 62, 542, 324, 429, 536, 458, 489, 264, 179, 106, 460, 466, 361, 109, 398, 253, 407, 451, 363, 194, 469, 180, 207, 141, 99, 467, 431, 445, 538, 144, 343, 127, 575, 300, 190, 315, 176, 530, 517, 150, 184, 167, 275, 497, 470, 56, 480, 566, 291, 485, 309, 70, 118, 201, 66, 331, 521, 501, 266, 427, 45, 525, 475, 161, 85, 365, 160, 360, 258, 541, 494, 63, 374, 405, 433, 279, 547, 147, 443, 319, 131, 436, 46, 449, 81, 145, 108, 57, 139, 495, 53, 137, 515, 549, 191, 77, 195, 476, 437, 104, 294, 123, 562, 574, 527, 148, 107, 181, 520, 450, 58, 94, 563, 132, 203, 461, 42, 505, 73, 307, 373, 453, 146, 55, 152, 130, 316, 522, 200, 509, 105, 447, 134, 72, 468, 79, 335, 457, 196, 524, 95, 572, 236, 168, 404, 455, 569, 439, 61, 271, 183, 110, 508, 204, 571, 303, 518, 60, 473, 491, 149, 64, 116, 133, 138, 510, 142, 125, 297, 115, 459, 86, 567, 512, 511, 189, 135, 136, 192, 329, 84, 113, 462, 91, 576, 513, 54, 369, 446, 559, 76, 577, 464, 124, 151, 570, 452, 526, 52, 503, 82, 96, 166, 323, 156, 332, 514, 311, 430, 444, 498, 153, 83, 188, 578, 35, 472, 502, 544, 588, 126, 157, 111, 199, 208, 120, 310, 454, 98, 581, 80, 426, 260, 471, 129, 496, 568, 393, 119, 193, 117, 292, 143, 519, 448, 584, 564


Alfa: 0.250000
Cobertura de Menor Custo: 572
Melhor Semente: 10
Vertices utilizados: 
62, 484, 251, 553, 410, 249, 5, 545, 556, 224, 299, 388, 227, 22, 89, 483, 409, 402, 6, 387, 480, 384, 591, 37, 12, 579, 50, 561, 229, 589, 242, 42, 317, 372, 49, 38, 41, 14, 595, 383, 23, 298, 7, 422, 479, 423, 342, 221, 424, 403, 543, 546, 352, 234, 382, 254, 45, 327, 35, 231, 280, 90, 20, 247, 43, 375, 587, 282, 580, 552, 414, 15, 395, 39, 355, 539, 312, 343, 421, 529, 493, 93, 278, 245, 44, 425, 36, 308, 354, 114, 205, 29, 252, 400, 232, 33, 293, 378, 233, 161, 432, 87, 435, 126, 492, 415, 17, 40, 537, 349, 416, 283, 376, 488, 215, 169, 417, 289, 385, 419, 325, 1, 436, 486, 557, 285, 585, 426, 328, 290, 237, 272, 25, 243, 34, 399, 11, 88, 51, 187, 540, 437, 286, 102, 263, 478, 172, 59, 238, 379, 489, 235, 226, 239, 255, 19, 182, 356, 18, 313, 134, 160, 401, 315, 560, 541, 305, 439, 210, 277, 225, 534, 163, 240, 47, 109, 13, 281, 216, 295, 3, 4, 548, 582, 113, 341, 267, 241, 531, 112, 413, 268, 155, 2, 367, 377, 184, 106, 393, 274, 350, 262, 586, 434, 477, 396, 390, 358, 520, 9, 56, 118, 185, 535, 397, 92, 154, 67, 202, 326, 533, 346, 347, 57, 116, 99, 32, 551, 583, 271, 63, 368, 391, 550, 230, 452, 465, 211, 269, 244, 162, 304, 469, 365, 440, 429, 164, 10, 121, 334, 31, 213, 257, 408, 165, 473, 71, 214, 318, 206, 594, 228, 98, 123, 250, 131, 167, 58, 273, 28, 103, 27, 333, 218, 190, 592, 321, 300, 528, 345, 248, 348, 223, 339, 482, 322, 288, 500, 24, 186, 558, 217, 441, 404, 420, 74, 487, 442, 411, 412, 141, 406, 265, 30, 302, 572, 364, 593, 145, 490, 208, 296, 338, 179, 463, 79, 95, 26, 505, 301, 371, 209, 509, 70, 204, 389, 359, 177, 394, 144, 276, 261, 52, 431, 105, 380, 287, 246, 398, 156, 554, 344, 504, 171, 193, 351, 320, 362, 222, 392, 279, 453, 517, 353, 150, 519, 501, 361, 547, 195, 418, 207, 264, 122, 494, 447, 219, 270, 75, 159, 464, 530, 266, 566, 61, 568, 176, 444, 21, 284, 443, 189, 331, 101, 536, 180, 386, 366, 139, 91, 72, 521, 588, 476, 466, 81, 430, 462, 337, 538, 451, 181, 357, 319, 132, 197, 542, 258, 491, 503, 340, 291, 330, 563, 578, 178, 306, 512, 497, 323, 97, 148, 100, 192, 107, 370, 508, 458, 523, 559, 16, 445, 472, 136, 524, 64, 146, 574, 168, 96, 297, 324, 373, 449, 84, 66, 149, 569, 514, 363, 307, 428, 198, 468, 256, 526, 495, 166, 174, 212, 77, 475, 335, 78, 128, 460, 456, 405, 200, 576, 565, 498, 201, 461, 310, 53, 188, 142, 108, 127, 253, 137, 191, 275, 175, 577, 140, 85, 525, 8, 360, 151, 236, 55, 260, 510, 111, 407, 329, 54, 115, 130, 83, 454, 433, 496, 381, 570, 303, 80, 158, 369, 515, 152, 133, 65, 562, 471, 446, 124, 138, 584, 459, 457, 502, 518, 467, 110, 522, 511, 73, 314, 311, 170, 571, 196, 120, 203, 567, 581, 183, 76, 117, 135, 129, 485, 143, 332, 199, 470, 450, 46, 48, 516, 448, 86, 119, 573, 60, 173, 316, 292, 513, 220, 549, 506, 157, 147, 507, 68, 82, 544, 474, 575, 104, 69, 438


Alfa: 0.350000
Cobertura de Menor Custo: 573
Melhor Semente: 21
Vertices utilizados: 
241, 313, 346, 276, 415, 227, 349, 477, 531, 281, 400, 372, 24, 318, 11, 540, 555, 252, 103, 237, 4, 420, 280, 384, 493, 301, 492, 250, 231, 87, 47, 21, 254, 589, 406, 480, 405, 205, 355, 240, 325, 395, 5, 587, 278, 490, 379, 304, 243, 536, 416, 283, 382, 432, 93, 378, 586, 312, 342, 230, 560, 402, 486, 154, 114, 299, 484, 341, 558, 235, 350, 482, 226, 23, 90, 246, 155, 247, 8, 99, 580, 45, 3, 592, 40, 375, 10, 330, 22, 213, 224, 49, 546, 42, 401, 55, 397, 381, 323, 50, 557, 238, 551, 242, 327, 352, 348, 439, 489, 548, 413, 159, 223, 236, 556, 419, 239, 64, 306, 549, 535, 328, 221, 399, 14, 171, 102, 131, 343, 112, 585, 391, 286, 122, 407, 187, 442, 410, 274, 298, 422, 229, 222, 386, 248, 46, 219, 411, 338, 256, 356, 487, 317, 440, 368, 409, 20, 358, 273, 53, 403, 473, 308, 51, 291, 290, 481, 393, 262, 214, 344, 185, 184, 267, 28, 461, 37, 514, 367, 467, 295, 6, 550, 164, 591, 263, 543, 288, 94, 339, 29, 533, 545, 165, 44, 15, 59, 206, 421, 162, 353, 16, 89, 176, 362, 520, 268, 418, 67, 595, 347, 365, 305, 36, 211, 234, 158, 488, 209, 392, 337, 202, 97, 123, 19, 78, 163, 554, 38, 71, 156, 389, 121, 380, 423, 429, 180, 68, 579, 388, 251, 385, 104, 65, 113, 503, 264, 48, 361, 265, 465, 34, 17, 105, 398, 9, 491, 134, 431, 279, 319, 31, 593, 561, 541, 336, 1, 284, 43, 287, 414, 173, 582, 479, 27, 539, 212, 186, 321, 396, 7, 538, 383, 61, 232, 160, 177, 225, 26, 434, 351, 363, 293, 435, 354, 302, 377, 333, 547, 169, 58, 521, 508, 233, 326, 216, 443, 88, 437, 307, 172, 282, 502, 285, 366, 552, 324, 146, 506, 417, 523, 175, 255, 79, 534, 179, 32, 468, 528, 75, 450, 195, 2, 504, 39, 30, 207, 18, 572, 525, 530, 427, 81, 148, 270, 228, 445, 69, 373, 261, 144, 289, 428, 376, 537, 441, 98, 266, 364, 594, 374, 215, 529, 452, 269, 70, 190, 56, 208, 424, 371, 218, 277, 119, 203, 588, 13, 500, 519, 217, 150, 132, 387, 182, 110, 95, 106, 567, 194, 345, 258, 425, 197, 449, 475, 145, 140, 316, 181, 562, 578, 271, 116, 294, 495, 458, 335, 141, 253, 12, 470, 196, 390, 167, 485, 334, 494, 124, 189, 501, 77, 309, 513, 101, 60, 62, 575, 63, 509, 33, 178, 515, 460, 320, 469, 257, 25, 524, 370, 369, 447, 332, 245, 74, 404, 130, 272, 426, 109, 573, 142, 570, 161, 220, 360, 249, 244, 463, 457, 542, 505, 35, 136, 563, 201, 517, 151, 412, 204, 96, 314, 466, 125, 296, 139, 85, 455, 41, 72, 474, 200, 152, 127, 571, 107, 394, 66, 359, 576, 183, 149, 497, 462, 86, 91, 315, 357, 522, 260, 565, 446, 527, 329, 126, 478, 566, 300, 92, 569, 153, 82, 454, 135, 84, 108, 292, 444, 507, 137, 303, 52, 553, 433, 138, 518, 198, 168, 157, 464, 310, 83, 340, 476, 115, 438, 510, 583, 456, 199, 191, 166, 453, 511, 129, 498, 54, 76, 117, 111, 311, 574, 448, 436, 73, 188, 512, 584, 128, 147, 430, 471, 174, 57, 100, 526, 496, 193, 577, 259, 590, 120, 331, 170, 564, 275, 80, 133, 118, 451, 143, 297, 532


Tempo de Execuçao: 26.833515 s

Algoritmo Construtivo Guloso Randomizado Reativo
--- Descrição da Cobertura Mínimal em Custo de Vértices Ponderados ---

Alfa: 0.050000
Cobertura de Menor Custo: 568
Vertices utilizados: 
410, 383, 545, 490, 11, 36, 240, 22, 249, 37, 227, 50, 40, 44, 4, 403, 248, 416, 225, 49, 43, 478, 385, 232, 422, 551, 414, 9, 488, 387, 15, 241, 546, 237, 242, 556, 254, 231, 353, 561, 484, 229, 411, 20, 558, 246, 233, 388, 295, 409, 579, 13, 255, 529, 489, 592, 313, 492, 238, 304, 247, 14, 281, 352, 251, 582, 312, 406, 244, 62, 24, 417, 372, 325, 375, 46, 3, 33, 591, 276, 30, 277, 419, 378, 222, 51, 252, 543, 354, 413, 421, 6, 102, 346, 486, 235, 90, 283, 287, 230, 245, 89, 280, 382, 34, 29, 539, 377, 595, 23, 424, 379, 234, 355, 273, 7, 342, 25, 205, 402, 540, 391, 395, 250, 47, 553, 155, 285, 552, 224, 367, 278, 589, 301, 187, 163, 282, 425, 26, 5, 17, 327, 594, 12, 350, 548, 371, 221, 159, 550, 493, 18, 27, 21, 228, 477, 418, 87, 423, 28, 356, 440, 330, 286, 368, 587, 376, 348, 400, 432, 162, 347, 284, 216, 289, 226, 88, 290, 386, 541, 288, 169, 349, 593, 358, 1, 265, 341, 263, 384, 401, 580, 218, 586, 213, 261, 389, 71, 399, 32, 308, 537, 534, 67, 380, 223, 435, 215, 164, 415, 177, 557, 338, 279, 365, 268, 482, 122, 19, 243, 180, 274, 165, 345, 362, 2, 103, 317, 434, 343, 78, 533, 211, 544, 239, 351, 262, 202, 392, 185, 520, 396, 270, 390, 344, 314, 487, 337, 412, 299, 214, 465, 209, 381, 535, 357, 173, 182, 210, 258, 93, 359, 10, 272, 428, 528, 31, 334, 186, 420, 167, 328, 171, 219, 269, 394, 302, 583, 253, 542, 97, 504, 35, 41, 91, 339, 501, 437, 364, 326, 172, 404, 74, 531, 168, 460, 8, 101, 184, 207, 300, 405, 275, 318, 466, 336, 366, 154, 397, 431, 441, 256, 320, 57, 363, 144, 158, 523, 267, 176, 123, 293, 220, 75, 333, 99, 324, 374, 467, 433, 494, 315, 191, 398, 264, 554, 77, 59, 150, 521, 38, 212, 107, 473, 109, 485, 189, 217, 497, 121, 538, 204, 58, 429, 361, 445, 94, 146, 266, 291, 70, 462, 500, 294, 449, 442, 536, 160, 470, 443, 178, 141, 118, 476, 563, 495, 66, 85, 68, 134, 197, 319, 137, 517, 305, 112, 575, 508, 81, 179, 307, 257, 436, 491, 451, 530, 145, 131, 298, 369, 190, 511, 96, 461, 149, 547, 574, 152, 127, 370, 450, 56, 201, 53, 104, 525, 181, 439, 195, 236, 549, 447, 306, 73, 475, 480, 507, 323, 45, 576, 132, 407, 427, 373, 585, 512, 79, 142, 192, 457, 522, 564, 106, 105, 311, 335, 156, 468, 506, 577, 72, 55, 188, 479, 453, 526, 52, 108, 566, 126, 297, 452, 110, 524, 271, 125, 140, 321, 16, 578, 463, 138, 124, 196, 510, 459, 310, 505, 119, 136, 48, 130, 560, 100, 151, 60, 590, 175, 458, 469, 569, 519, 113, 98, 161, 515, 316, 426, 200, 567, 83, 147, 292, 260, 116, 332, 498, 444, 64, 80, 193, 331, 464, 573, 496, 76, 95, 572, 455, 128, 115, 148, 360, 516, 82, 65, 153, 199, 446, 157, 499, 568, 474, 129, 303, 329, 42, 393, 139, 513, 430, 562, 559, 61, 69, 114, 86, 120, 170, 194, 454, 259, 502, 117, 514, 565, 309, 581, 54, 133, 174, 198, 206, 448, 471, 481, 503, 518, 570, 584


Tempo de Execuçao: 60.581394 s

