Trabalho de Grafos
Autor: Helder Linhares Bertoldo dos Reis
Matrícula: 201465555A


- Análise do Grafo -

Número de Vértices: 1272
Número de Arestas: 94227



Algoritmo Construtivo Guloso
Cobertura de Menor Custo: 1240
Vertices Utilizados: 
700, 816, 1086, 678, 706, 714, 702, 794, 718, 1083, 689, 713, 1089, 683, 711, 805, 716, 793, 717, 694, 795, 799, 696, 1098, 704, 1092, 687, 705, 792, 132, 797, 712, 813, 698, 1088, 133, 658, 699, 1178, 707, 804, 1084, 613, 652, 685, 808, 1102, 688, 781, 809, 703, 986, 776, 827, 129, 695, 619, 814, 1093, 1100, 119, 465, 605, 367, 684, 701, 800, 662, 720, 472, 675, 612, 710, 996, 381, 785, 1204, 127, 709, 798, 1006, 690, 806, 463, 601, 810, 837, 285, 369, 691, 997, 124, 474, 715, 1207, 602, 666, 1005, 112, 614, 719, 1087, 459, 803, 665, 783, 274, 375, 622, 676, 788, 664, 821, 1175, 1216, 113, 1097, 122, 271, 372, 469, 782, 811, 279, 1000, 1202, 137, 377, 708, 840, 1215, 604, 1222, 134, 378, 543, 661, 775, 609, 275, 397, 458, 789, 839, 1101, 131, 276, 374, 466, 603, 681, 660, 834, 697, 787, 802, 1201, 99, 363, 791, 1218, 117, 277, 368, 467, 831, 1004, 649, 833, 1060, 1103, 1186, 1231, 135, 654, 120, 366, 479, 541, 1061, 521, 621, 669, 686, 772, 1167, 1226, 370, 552, 1219, 283, 460, 985, 1081, 1161, 477, 528, 663, 812, 98, 667, 769, 829, 212, 779, 993, 1168, 115, 280, 330, 656, 1187, 682, 1095, 1205, 143, 180, 535, 105, 364, 536, 771, 5, 139, 349, 383, 615, 651, 475, 530, 618, 1096, 390, 531, 990, 1154, 202, 679, 1003, 1157, 1185, 650, 819, 1220, 97, 281, 365, 480, 588, 988, 550, 773, 1212, 268, 346, 807, 1160, 1223, 142, 991, 108, 471, 545, 680, 1057, 141, 267, 326, 373, 608, 830, 104, 352, 832, 900, 989, 208, 334, 385, 657, 998, 1169, 123, 265, 457, 538, 1058, 126, 216, 510, 540, 585, 1153, 1213, 315, 554, 1007, 125, 392, 567, 770, 170, 547, 634, 692, 796, 1002, 287, 408, 468, 826, 898, 1170, 1195, 179, 327, 693, 880, 1085, 214, 992, 1062, 1176, 1248, 284, 398, 1182, 111, 199, 566, 1199, 520, 589, 673, 778, 801, 1162, 333, 394, 790, 980, 1163, 1246, 101, 182, 273, 336, 815, 1166, 1211, 401, 410, 534, 558, 876, 116, 323, 548, 817, 987, 1203, 1234, 128, 172, 341, 407, 473, 611, 865, 892, 320, 1094, 193, 297, 328, 628, 671, 835, 9, 114, 340, 551, 590, 999, 1221, 197, 305, 476, 1156, 14, 189, 278, 350, 529, 562, 591, 786, 462, 539, 610, 890, 1104, 1177, 995, 1121, 68, 109, 204, 332, 393, 507, 888, 975, 1008, 1197, 1238, 121, 173, 461, 578, 823, 1099, 544, 641, 655, 200, 331, 574, 617, 1043, 1107, 1181, 2, 270, 644, 777, 879, 138, 311, 379, 895, 1069, 1158, 653, 822, 1193, 20, 102, 210, 533, 575, 670, 828, 1122, 1224, 1232, 130, 184, 272, 402, 872, 107, 555, 580, 818, 1159, 1233, 4, 187, 205, 286, 325, 403, 780, 994, 572, 583, 973, 1188, 1243, 183, 395, 672, 883, 908, 1111, 190, 207, 517, 569, 1128, 1174, 46, 211, 335, 389, 674, 889, 1082, 1227, 312, 376, 464, 546, 825, 977, 118, 266, 874, 12, 28, 169, 282, 388, 623, 964, 1090, 307, 542, 553, 659, 873, 110, 269, 319, 418, 624, 838, 1173, 1225, 577, 637, 1077, 1091, 1235, 106, 291, 322, 339, 470, 762, 875, 1108, 1239, 194, 561, 620, 820, 1165, 8, 30, 72, 399, 532, 592, 978, 1179, 881, 983, 1171, 1214, 45, 144, 203, 396, 886, 1112, 1180, 10, 52, 478, 584, 677, 824, 16, 201, 306, 570, 625, 961, 1072, 103, 174, 329, 784, 867, 968, 1172, 1240, 288, 901, 1013, 1241, 17, 768, 870, 1105, 1198, 48, 426, 492, 606, 636, 836, 882, 1200, 49, 516, 560, 597, 668, 1073, 299, 1010, 1244, 3, 43, 206, 321, 425, 511, 565, 598, 871, 894, 966, 1020, 1208, 44, 56, 488, 1210, 300, 362, 411, 568, 899, 1065, 23, 66, 196, 537, 984, 1021, 100, 171, 290, 314, 440, 866, 1242, 26, 294, 347, 549, 595, 631, 869, 1029, 1051, 1209, 7, 41, 316, 559, 600, 937, 18, 54, 310, 400, 607, 638, 887, 948, 967, 1236, 67, 175, 382, 750, 1001, 1038, 1120, 406, 494, 639, 1012, 1071, 1124, 1164, 1237, 34, 140, 643, 877, 959, 1, 176, 209, 317, 348, 974, 1155, 62, 213, 293, 371, 766, 1009, 1123, 1229, 33, 640, 774, 884, 1019, 1247, 60, 198, 313, 420, 519, 904, 1031, 1119, 1192, 215, 485, 564, 594, 13, 31, 188, 646, 868, 1017, 1109, 1196, 15, 32, 61, 752, 893, 962, 1025, 42, 344, 587, 629, 1028, 292, 359, 451, 759, 885, 1230, 19, 64, 178, 308, 645, 906, 1113, 40, 563, 946, 1024, 1126, 1183, 1245, 246, 324, 642, 748, 1067, 6, 353, 487, 958, 971, 1047, 38, 50, 304, 384, 627, 1018, 22, 195, 250, 338, 455, 499, 573, 582, 647, 858, 938, 71, 596, 760, 1041, 1194, 192, 296, 356, 452, 730, 945, 972, 1117, 1206, 36, 69, 165, 244, 404, 481, 1011, 1054, 1217, 424, 486, 726, 745, 1015, 1116, 1262, 29, 70, 147, 264, 354, 632, 79, 380, 438, 493, 648, 732, 878, 944, 1023, 1076, 1151, 150, 241, 409, 495, 505, 579, 742, 848, 1034, 1265, 155, 360, 417, 441, 630, 855, 956, 1045, 93, 448, 526, 741, 749, 1080, 1106, 1143, 1259, 586, 753, 909, 1144, 1184, 1266, 73, 146, 218, 301, 496, 856, 950, 1030, 1070, 1228, 35, 249, 421, 434, 497, 512, 746, 981, 1075, 1133, 1261, 74, 159, 256, 843, 1016, 1037, 1135, 221, 261, 419, 734, 757, 859, 939, 1039, 1059, 1251, 59, 75, 145, 223, 454, 484, 508, 923, 982, 1110, 1134, 78, 162, 227, 263, 358, 432, 456, 525, 738, 927, 1152, 1254, 27, 229, 302, 504, 743, 764, 863, 891, 1022, 1079, 1191, 58, 81, 149, 240, 443, 917, 1040, 1147, 85, 163, 186, 257, 413, 444, 581, 844, 924, 955, 1048, 1066, 1267, 86, 219, 260, 355, 361, 723, 851, 925, 957, 963, 1141, 65, 166, 177, 220, 439, 490, 731, 935, 1149, 1257, 39, 224, 247, 345, 414, 754, 842, 943, 1036, 1270, 77, 151, 423, 437, 500, 722, 765, 857, 913, 1052, 1139, 82, 160, 185, 226, 258, 445, 503, 515, 557, 903, 916, 952, 1027, 1145, 1250, 168, 234, 337, 431, 721, 852, 910, 921, 976, 1263, 25, 76, 236, 242, 518, 729, 860, 934, 1050, 1129, 1269, 91, 153, 251, 289, 342, 735, 758, 861, 907, 936, 953, 1127, 1130, 47, 51, 94, 222, 412, 435, 527, 737, 965, 1042, 1063, 1252, 156, 237, 245, 450, 482, 756, 847, 914, 1138, 1256, 80, 158, 238, 262, 391, 415, 489, 523, 725, 853, 911, 915, 941, 1142, 1258, 88, 416, 442, 498, 576, 728, 767, 854, 918, 947, 1035, 1115, 1148, 55, 92, 161, 217, 253, 387, 422, 453, 506, 740, 919, 1026, 1053, 1271, 96, 191, 228, 501, 635, 761, 841, 920, 942, 970, 1074, 1131, 148, 231, 252, 509, 736, 850, 922, 951, 1033, 1078, 1125, 1132, 1249, 11, 89, 154, 232, 446, 744, 905, 926, 960, 1150, 1253, 37, 57, 90, 233, 243, 309, 513, 849, 928, 1032, 1255, 152, 235, 254, 357, 386, 427, 433, 483, 739, 755, 864, 896, 929, 1044, 1140, 1189, 1260, 24, 83, 239, 255, 303, 447, 514, 571, 930, 940, 1046, 1272, 63, 84, 157, 259, 318, 343, 428, 491, 593, 626, 724, 747, 845, 897, 931, 1049, 1136, 87, 164, 225, 295, 405, 429, 436, 522, 727, 751, 846, 902, 932, 949, 969, 1055, 1064, 1114, 1137, 1264
Tempo de Execuçao: 1.278636 s


Algoritmo Construtivo Guloso Randomizado
--- Descrição da Cobertura Mínimal em Custo de Vértices Ponderados ---

Alfa: 0.150000
Cobertura de Menor Custo: 1240
Melhor Semente: 5
Vertices utilizados: 
1204, 714, 793, 985, 690, 686, 659, 805, 366, 657, 996, 1100, 696, 1096, 712, 998, 374, 804, 705, 137, 701, 369, 474, 129, 692, 1085, 1215, 703, 658, 605, 693, 604, 1103, 716, 775, 460, 700, 1178, 816, 685, 718, 815, 652, 707, 803, 988, 277, 141, 142, 719, 776, 378, 681, 133, 662, 704, 678, 285, 1104, 990, 772, 123, 799, 1201, 1175, 117, 1087, 709, 368, 120, 1089, 375, 541, 276, 831, 814, 134, 682, 715, 112, 1092, 808, 694, 132, 782, 986, 650, 720, 283, 1094, 271, 1088, 665, 797, 521, 377, 127, 997, 807, 691, 1188, 1097, 688, 792, 783, 399, 663, 656, 1222, 717, 654, 615, 119, 408, 135, 105, 1061, 810, 790, 480, 832, 794, 115, 383, 543, 679, 773, 993, 839, 840, 536, 1081, 346, 798, 689, 789, 992, 1004, 97, 1211, 371, 695, 713, 898, 1226, 602, 214, 1169, 771, 675, 372, 619, 364, 126, 680, 1060, 552, 672, 610, 1186, 785, 634, 1218, 281, 108, 660, 99, 1002, 280, 471, 618, 363, 880, 706, 365, 466, 1207, 340, 279, 475, 397, 469, 1176, 622, 608, 806, 326, 603, 373, 479, 781, 653, 143, 515, 820, 671, 833, 1157, 702, 1177, 791, 528, 1000, 1212, 1179, 711, 547, 1205, 989, 1223, 554, 698, 527, 1006, 1003, 461, 463, 1005, 620, 787, 510, 796, 128, 585, 459, 673, 1185, 268, 687, 651, 122, 1093, 818, 1161, 124, 1083, 350, 534, 683, 390, 769, 809, 829, 800, 676, 1057, 1095, 827, 822, 892, 1213, 795, 539, 273, 284, 131, 813, 548, 384, 359, 801, 1159, 327, 531, 1058, 1248, 330, 1216, 138, 697, 1167, 835, 278, 666, 1154, 1195, 1168, 621, 170, 139, 401, 1231, 786, 113, 367, 398, 1156, 202, 212, 826, 1163, 837, 197, 392, 518, 5, 180, 208, 407, 890, 1113, 538, 477, 1069, 624, 1210, 332, 889, 995, 270, 240, 812, 204, 883, 265, 900, 370, 1203, 566, 1084, 104, 457, 193, 274, 121, 1187, 458, 275, 172, 817, 1102, 1160, 811, 403, 315, 530, 1112, 420, 1072, 649, 347, 664, 507, 382, 677, 1170, 684, 699, 550, 288, 1105, 338, 1107, 468, 655, 20, 394, 838, 1202, 320, 1153, 173, 888, 116, 325, 532, 778, 520, 323, 876, 1007, 562, 978, 336, 1062, 580, 825, 987, 710, 1001, 467, 287, 830, 802, 176, 109, 545, 999, 1219, 1192, 1158, 297, 544, 961, 200, 886, 102, 577, 14, 588, 216, 834, 187, 464, 144, 644, 402, 770, 353, 589, 1101, 784, 533, 623, 1194, 190, 874, 379, 1181, 335, 819, 590, 1043, 334, 111, 977, 823, 591, 867, 865, 1086, 609, 613, 184, 517, 708, 1224, 272, 628, 780, 1247, 341, 570, 213, 872, 1235, 973, 828, 779, 388, 114, 573, 558, 901, 169, 1232, 9, 174, 282, 305, 331, 991, 1128, 291, 12, 625, 465, 28, 2, 1122, 1172, 1183, 1193, 975, 964, 269, 574, 1246, 389, 1200, 511, 205, 52, 583, 1099, 349, 909, 306, 641, 1233, 611, 612, 873, 1091, 1238, 962, 140, 395, 614, 478, 768, 637, 1199, 185, 101, 1184, 535, 1162, 601, 3, 1227, 821, 385, 391, 617, 1234, 179, 376, 68, 868, 895, 207, 1111, 470, 328, 339, 46, 1180, 196, 636, 103, 1243, 100, 980, 310, 16, 381, 788, 199, 1155, 555, 107, 670, 879, 299, 211, 1165, 44, 482, 875, 866, 968, 575, 1064, 578, 546, 1197, 572, 1078, 188, 1008, 356, 56, 7, 322, 1182, 599, 766, 201, 294, 1108, 267, 98, 118, 194, 1090, 45, 110, 396, 183, 540, 192, 71, 762, 972, 329, 667, 1010, 881, 777, 1229, 669, 13, 1098, 1220, 304, 1077, 836, 1121, 210, 1240, 317, 473, 1054, 551, 30, 869, 949, 316, 321, 72, 906, 49, 400, 22, 668, 598, 631, 559, 1241, 945, 6, 266, 967, 519, 940, 1031, 1009, 870, 307, 17, 564, 431, 1119, 1013, 33, 887, 1171, 569, 661, 418, 553, 606, 1071, 629, 10, 1173, 440, 300, 885, 1242, 61, 586, 648, 8, 182, 1166, 674, 312, 362, 542, 1028, 1196, 974, 1051, 1038, 106, 1012, 1245, 756, 426, 380, 333, 774, 66, 537, 57, 1239, 1, 1225, 41, 1236, 487, 290, 198, 286, 560, 1025, 877, 582, 592, 26, 314, 18, 352, 29, 882, 597, 824, 1237, 884, 959, 567, 639, 894, 348, 529, 754, 1017, 1244, 1198, 62, 15, 1230, 565, 958, 1221, 125, 488, 1114, 1020, 246, 616, 324, 749, 1109, 1126, 293, 871, 584, 43, 70, 907, 1029, 1144, 758, 1047, 410, 54, 627, 47, 34, 485, 549, 319, 1120, 476, 1015, 984, 462, 424, 302, 203, 647, 67, 983, 646, 23, 313, 146, 948, 344, 587, 181, 437, 195, 1030, 1174, 643, 966, 32, 165, 1262, 1209, 206, 595, 642, 759, 60, 415, 31, 209, 175, 1214, 1065, 355, 640, 878, 1022, 455, 250, 486, 904, 42, 40, 53, 858, 1067, 976, 1132, 1082, 1019, 48, 38, 472, 241, 1021, 409, 1164, 484, 358, 596, 160, 441, 296, 493, 360, 735, 561, 594, 64, 638, 893, 952, 855, 1208, 1075, 430, 1117, 761, 4, 1023, 35, 130, 1106, 741, 1228, 491, 563, 1039, 732, 512, 763, 1123, 261, 1124, 745, 1259, 730, 147, 1265, 937, 633, 501, 494, 301, 971, 607, 74, 421, 726, 454, 516, 439, 495, 446, 215, 848, 1011, 1016, 891, 434, 1066, 1130, 1034, 167, 1254, 645, 73, 93, 557, 69, 79, 311, 843, 938, 171, 298, 292, 722, 21, 912, 248, 1116, 923, 846, 1050, 432, 75, 438, 451, 626, 151, 249, 260, 748, 177, 223, 764, 1151, 404, 220, 156, 731, 853, 1146, 497, 1135, 956, 750, 1217, 950, 218, 159, 92, 58, 505, 247, 1189, 1266, 951, 238, 925, 1070, 295, 419, 863, 1037, 982, 448, 264, 1249, 88, 917, 78, 164, 423, 734, 841, 499, 414, 1059, 733, 1267, 1052, 39, 994, 760, 1263, 219, 908, 1076, 752, 435, 581, 1018, 1133, 1147, 308, 481, 568, 85, 55, 844, 943, 492, 859, 723, 155, 933, 927, 232, 36, 450, 1257, 145, 523, 235, 89, 1040, 445, 411, 244, 526, 921, 1261, 263, 1110, 19, 1125, 738, 189, 239, 245, 1138, 902, 851, 221, 361, 1045, 1134, 944, 1253, 86, 929, 579, 163, 357, 852, 910, 935, 1148, 337, 81, 303, 508, 932, 191, 453, 1036, 953, 1251, 525, 728, 452, 258, 150, 234, 95, 256, 226, 941, 387, 963, 1139, 1068, 913, 571, 1033, 856, 162, 736, 903, 765, 850, 442, 930, 1055, 1014, 76, 970, 225, 1250, 946, 503, 1141, 522, 737, 914, 428, 1041, 1140, 80, 65, 217, 1048, 767, 255, 342, 178, 742, 842, 1269, 514, 924, 1252, 417, 1149, 94, 166, 158, 447, 746, 916, 847, 253, 1150, 227, 343, 955, 899, 740, 1073, 490, 729, 416, 82, 1272, 149, 635, 257, 231, 504, 425, 1271, 845, 915, 1032, 1129, 1079, 1137, 861, 237, 724, 259, 436, 483, 152, 393, 939, 1206, 83, 1049, 1127, 926, 233, 186, 154, 444, 262, 922, 1255, 957, 630, 965, 405, 91, 251, 1145, 27, 500, 309, 153, 413, 727, 864, 744, 513, 920, 1035, 979, 1080, 1258, 896, 747, 230, 456, 911, 918, 1027, 860, 502, 1260, 90, 84, 1143, 1115, 236, 242, 725, 50, 1053, 157, 422, 757, 37, 928, 1056, 11, 1152, 222, 345, 905, 386, 942, 857, 1270, 576, 849, 931, 1256, 509, 243, 87, 161, 981, 412, 449, 354, 498, 600, 224, 524, 489, 59, 751, 936, 721, 1044, 960, 24, 63, 77, 1136, 252, 429, 148, 229, 755, 433, 739, 854, 947, 934, 1042, 1074, 1026, 1131, 1268, 1191


Alfa: 0.250000
Cobertura de Menor Custo: 1241
Melhor Semente: 23
Vertices utilizados: 
122, 1179, 119, 479, 996, 384, 1196, 1086, 223, 465, 812, 619, 779, 552, 800, 1007, 814, 716, 614, 346, 399, 218, 816, 138, 995, 267, 378, 987, 1000, 663, 789, 126, 709, 989, 471, 341, 1081, 1211, 530, 672, 705, 697, 121, 220, 113, 783, 670, 798, 543, 797, 708, 1101, 277, 698, 364, 130, 1222, 804, 656, 720, 793, 1005, 105, 1161, 653, 330, 374, 990, 144, 276, 112, 385, 651, 240, 700, 681, 706, 1098, 874, 693, 528, 1187, 613, 776, 791, 832, 1180, 650, 1226, 398, 1090, 674, 1185, 988, 214, 810, 821, 1093, 1089, 1231, 637, 605, 401, 664, 1061, 1176, 666, 609, 692, 458, 511, 1202, 785, 375, 612, 796, 127, 349, 1085, 1205, 274, 381, 819, 687, 110, 212, 280, 389, 1083, 682, 271, 547, 135, 469, 654, 1095, 1102, 817, 622, 371, 1178, 621, 538, 1204, 403, 1195, 690, 867, 1167, 390, 275, 1168, 350, 1174, 712, 1082, 803, 707, 234, 1156, 839, 347, 278, 673, 466, 992, 696, 777, 521, 1104, 898, 1157, 1162, 540, 773, 601, 1096, 477, 123, 799, 1006, 480, 142, 132, 14, 457, 1166, 991, 997, 699, 828, 208, 795, 373, 408, 794, 719, 468, 876, 475, 279, 1163, 551, 657, 1099, 170, 281, 109, 891, 566, 994, 649, 1186, 1002, 1188, 472, 1213, 801, 536, 1182, 305, 474, 1193, 368, 344, 1154, 238, 268, 778, 718, 665, 999, 111, 1153, 1209, 5, 1103, 695, 544, 588, 216, 510, 361, 772, 634, 831, 1088, 285, 1001, 1003, 394, 1181, 537, 1216, 287, 362, 889, 1203, 677, 702, 131, 117, 667, 771, 1246, 675, 395, 827, 578, 829, 99, 1220, 903, 883, 680, 114, 197, 1084, 900, 704, 116, 189, 284, 901, 1224, 807, 104, 8, 1094, 372, 16, 331, 141, 1212, 683, 323, 624, 327, 781, 554, 574, 1087, 652, 370, 1233, 775, 1198, 367, 1158, 102, 134, 1057, 1008, 830, 602, 125, 183, 101, 174, 133, 686, 328, 981, 570, 190, 659, 541, 618, 461, 288, 535, 184, 291, 340, 711, 608, 1215, 1128, 211, 9, 272, 694, 332, 283, 1077, 1054, 312, 1107, 365, 507, 809, 780, 1234, 870, 179, 715, 462, 833, 607, 1172, 1248, 628, 202, 333, 886, 562, 173, 823, 877, 813, 890, 286, 517, 1121, 834, 808, 352, 128, 185, 655, 611, 788, 1169, 1183, 895, 266, 382, 815, 19, 603, 377, 1111, 273, 531, 879, 512, 983, 985, 542, 1238, 806, 1091, 565, 792, 944, 376, 545, 391, 973, 786, 379, 825, 171, 1058, 1207, 559, 193, 1237, 1113, 658, 961, 875, 660, 336, 668, 802, 335, 1071, 265, 124, 620, 388, 836, 1227, 1200, 2, 1065, 993, 297, 648, 311, 200, 1165, 459, 1221, 964, 678, 369, 818, 18, 467, 129, 1043, 835, 589, 4, 108, 1069, 998, 140, 520, 539, 407, 880, 661, 840, 688, 207, 322, 194, 872, 978, 1097, 464, 685, 46, 787, 575, 366, 199, 182, 175, 49, 1100, 1038, 22, 894, 473, 463, 1206, 838, 418, 583, 679, 533, 684, 752, 662, 782, 1159, 1004, 571, 948, 689, 873, 625, 508, 425, 1214, 13, 320, 1115, 592, 1019, 756, 869, 577, 912, 106, 1155, 1218, 865, 710, 1210, 210, 1124, 643, 290, 410, 1232, 784, 1075, 120, 420, 1239, 213, 1240, 615, 714, 811, 315, 1191, 392, 97, 269, 516, 396, 974, 98, 892, 1173, 646, 64, 548, 606, 359, 205, 1120, 525, 527, 617, 769, 553, 881, 1219, 201, 300, 1197, 176, 966, 136, 71, 568, 326, 1175, 107, 986, 1013, 393, 977, 691, 17, 1092, 293, 598, 478, 310, 790, 1062, 967, 713, 701, 639, 1122, 180, 1119, 294, 1118, 1073, 72, 1243, 676, 363, 560, 307, 595, 282, 519, 339, 975, 12, 118, 188, 703, 949, 1225, 67, 1017, 306, 887, 572, 400, 1242, 671, 397, 325, 1105, 645, 1028, 62, 805, 30, 590, 558, 567, 32, 515, 404, 314, 103, 492, 555, 534, 1244, 1201, 405, 164, 1189, 762, 585, 1109, 26, 573, 546, 826, 604, 1245, 774, 957, 956, 882, 41, 759, 215, 187, 561, 61, 581, 902, 28, 1262, 52, 647, 642, 549, 1235, 564, 1024, 68, 1164, 946, 70, 437, 48, 518, 270, 1208, 54, 984, 338, 563, 768, 837, 1177, 302, 40, 1199, 1020, 824, 317, 143, 1259, 770, 1079, 1060, 758, 878, 580, 1116, 591, 1047, 980, 383, 440, 421, 753, 206, 63, 476, 766, 968, 868, 6, 1114, 871, 250, 822, 1171, 1, 1223, 569, 600, 906, 885, 424, 488, 820, 504, 1016, 496, 38, 36, 1123, 196, 958, 318, 203, 299, 888, 750, 596, 586, 939, 1258, 204, 1110, 198, 1045, 45, 495, 69, 1192, 1254, 1015, 909, 334, 594, 10, 137, 380, 1034, 959, 493, 633, 261, 66, 356, 431, 610, 44, 192, 943, 884, 1190, 484, 415, 1074, 626, 866, 1228, 163, 1030, 1112, 20, 584, 308, 321, 640, 1010, 971, 56, 641, 631, 3, 725, 717, 439, 60, 169, 529, 1117, 172, 669, 460, 448, 1012, 1127, 745, 1031, 73, 1051, 899, 100, 1106, 763, 1241, 1064, 742, 93, 257, 1140, 1025, 499, 438, 723, 160, 962, 31, 151, 139, 303, 1229, 501, 296, 186, 7, 15, 343, 748, 42, 732, 345, 1125, 27, 154, 1066, 1011, 412, 1142, 1029, 1021, 1108, 1072, 629, 731, 245, 444, 523, 1139, 354, 852, 494, 248, 422, 441, 1267, 1247, 209, 910, 74, 316, 33, 982, 1022, 147, 1151, 35, 426, 848, 150, 972, 743, 254, 178, 904, 445, 734, 153, 1230, 301, 241, 1251, 557, 481, 1263, 850, 442, 451, 229, 348, 632, 616, 292, 858, 329, 722, 1036, 1023, 80, 1133, 1170, 21, 263, 1265, 236, 917, 1040, 864, 764, 1149, 485, 50, 1135, 843, 88, 908, 221, 854, 937, 1063, 87, 252, 85, 1037, 737, 55, 1145, 1144, 409, 146, 638, 486, 219, 593, 165, 434, 733, 926, 313, 856, 34, 29, 1048, 157, 1018, 447, 1070, 915, 264, 491, 947, 636, 924, 497, 1130, 456, 402, 1270, 767, 1067, 81, 532, 921, 417, 232, 1146, 735, 550, 342, 938, 1217, 1027, 863, 644, 244, 952, 1250, 319, 859, 77, 1042, 423, 78, 914, 239, 747, 155, 913, 360, 166, 86, 489, 522, 935, 353, 1126, 1252, 498, 79, 411, 115, 443, 726, 453, 355, 976, 59, 1009, 419, 246, 526, 58, 746, 730, 233, 1052, 258, 630, 82, 1080, 918, 1041, 907, 923, 1055, 757, 754, 1137, 1260, 247, 963, 847, 47, 738, 514, 953, 162, 430, 1148, 95, 627, 934, 217, 1256, 941, 844, 149, 740, 1272, 226, 23, 760, 744, 295, 455, 243, 579, 857, 916, 500, 413, 1039, 936, 950, 1129, 470, 260, 1261, 524, 90, 450, 861, 24, 931, 1143, 1266, 927, 1059, 159, 168, 1076, 905, 1044, 225, 251, 227, 862, 1131, 741, 954, 1257, 298, 853, 65, 177, 75, 152, 454, 224, 94, 749, 83, 1046, 940, 1147, 432, 289, 728, 597, 929, 428, 483, 765, 222, 1236, 37, 433, 39, 855, 503, 255, 893, 1160, 945, 43, 449, 249, 1269, 860, 358, 156, 919, 1138, 739, 89, 1253, 1035, 1132, 324, 930, 505, 969, 51, 429, 253, 237, 1032, 845, 1255, 721, 755, 928, 635, 1033, 925, 1184, 92, 181, 351, 235, 309, 487, 1141, 846, 145, 446, 231, 76, 729, 167, 242, 387, 1271, 506, 1134, 582, 842, 436, 414, 1014, 922, 970, 1050, 158, 386, 960, 337, 57, 1268, 576, 502, 91, 897, 727, 851, 490, 942, 1049, 256, 933, 896, 509, 1150, 96, 259, 416, 230, 736, 599, 724, 435, 841, 951, 751, 191, 965, 1056, 1068, 1152, 11, 1264, 920, 228, 262, 53, 148


Alfa: 0.350000
Cobertura de Menor Custo: 1243
Melhor Semente: 20
Vertices utilizados: 
792, 1198, 389, 614, 355, 212, 115, 567, 467, 374, 268, 649, 100, 1217, 1182, 822, 133, 1197, 284, 988, 658, 697, 826, 371, 904, 694, 234, 541, 989, 788, 233, 1161, 1219, 461, 872, 1184, 703, 1231, 545, 352, 1188, 280, 681, 278, 537, 804, 793, 274, 667, 120, 127, 1006, 1086, 407, 1153, 530, 129, 141, 382, 340, 330, 601, 909, 691, 194, 398, 656, 218, 471, 1218, 116, 714, 180, 1181, 406, 628, 993, 677, 832, 231, 654, 876, 202, 618, 812, 811, 830, 686, 650, 701, 101, 344, 776, 674, 399, 276, 1190, 880, 532, 810, 123, 16, 998, 366, 773, 900, 275, 104, 554, 839, 1169, 475, 379, 305, 1170, 385, 1174, 606, 520, 516, 216, 713, 806, 805, 610, 688, 380, 874, 696, 987, 1000, 692, 134, 1093, 1029, 361, 265, 462, 375, 574, 1088, 1223, 604, 1157, 1207, 711, 671, 119, 401, 132, 458, 1082, 716, 1099, 695, 778, 476, 469, 551, 670, 400, 828, 383, 139, 1211, 1205, 669, 647, 122, 362, 1192, 807, 1098, 775, 870, 789, 791, 364, 709, 780, 683, 99, 794, 1203, 507, 815, 106, 477, 1200, 1222, 1195, 108, 1179, 20, 802, 1187, 762, 890, 204, 460, 117, 785, 655, 465, 1202, 665, 608, 480, 816, 1171, 1057, 808, 287, 1094, 706, 704, 616, 102, 1193, 1090, 283, 397, 772, 105, 996, 585, 803, 10, 829, 112, 779, 796, 1089, 702, 113, 479, 189, 684, 1172, 193, 9, 1040, 994, 783, 220, 130, 603, 1233, 1062, 687, 226, 678, 1201, 223, 651, 325, 1162, 334, 707, 107, 144, 799, 886, 529, 1206, 653, 997, 327, 1103, 472, 590, 661, 1059, 14, 1096, 1122, 552, 1237, 111, 311, 410, 1091, 390, 182, 365, 693, 288, 392, 459, 1128, 818, 652, 708, 1214, 589, 343, 203, 1060, 689, 557, 1168, 578, 393, 121, 705, 457, 889, 1159, 1003, 1166, 1104, 474, 620, 973, 887, 68, 1072, 974, 568, 700, 643, 543, 809, 1120, 138, 1077, 668, 114, 336, 1097, 617, 821, 586, 511, 508, 143, 894, 319, 1240, 534, 1185, 341, 622, 1069, 213, 540, 309, 1101, 823, 682, 525, 676, 977, 388, 170, 408, 384, 124, 1108, 621, 562, 1111, 1246, 179, 199, 800, 798, 1085, 873, 659, 464, 1105, 1244, 381, 1220, 1164, 271, 1160, 1081, 575, 548, 1224, 882, 297, 1163, 324, 975, 1176, 1199, 1001, 813, 1043, 1054, 372, 781, 892, 315, 403, 550, 48, 790, 5, 402, 611, 572, 625, 1121, 1216, 825, 304, 698, 623, 281, 1245, 1226, 719, 425, 188, 539, 787, 13, 395, 615, 690, 172, 316, 795, 306, 834, 1102, 1095, 837, 542, 591, 637, 521, 877, 1221, 1112, 770, 992, 206, 1075, 1236, 192, 544, 577, 1047, 32, 190, 270, 549, 580, 964, 836, 531, 266, 348, 1092, 940, 609, 666, 517, 718, 1084, 1248, 865, 533, 396, 1107, 956, 12, 771, 286, 45, 1178, 1242, 546, 66, 238, 588, 44, 553, 999, 538, 478, 1007, 944, 535, 2, 28, 573, 1215, 326, 613, 715, 903, 888, 699, 1020, 313, 986, 980, 756, 1225, 833, 422, 197, 302, 136, 662, 207, 786, 644, 323, 279, 267, 1019, 777, 820, 277, 679, 565, 768, 335, 680, 835, 1230, 607, 636, 1156, 634, 981, 332, 1175, 370, 353, 62, 320, 945, 1079, 103, 584, 536, 328, 376, 492, 321, 660, 282, 173, 1154, 1109, 717, 211, 47, 597, 482, 547, 602, 40, 50, 135, 712, 746, 98, 1196, 1239, 4, 126, 983, 420, 745, 1061, 312, 466, 570, 1167, 558, 38, 49, 322, 1235, 1058, 285, 118, 1113, 831, 488, 1208, 583, 893, 510, 1229, 290, 959, 627, 307, 1227, 196, 1012, 600, 19, 769, 759, 1064, 185, 142, 1238, 210, 814, 1204, 463, 31, 64, 377, 895, 840, 339, 137, 908, 367, 296, 346, 555, 1271, 317, 638, 1234, 883, 333, 750, 624, 71, 148, 359, 619, 1010, 871, 494, 187, 177, 394, 303, 566, 519, 885, 195, 110, 1005, 995, 948, 29, 293, 491, 868, 1212, 526, 1124, 57, 356, 3, 962, 898, 33, 560, 209, 53, 60, 331, 423, 569, 901, 1024, 710, 1173, 1042, 43, 391, 757, 6, 1177, 349, 1253, 250, 15, 657, 1243, 451, 1045, 824, 971, 633, 765, 169, 801, 1078, 39, 991, 18, 56, 1031, 518, 183, 797, 947, 881, 1257, 960, 59, 412, 978, 1186, 990, 17, 159, 1100, 201, 984, 1119, 8, 214, 879, 1144, 308, 1039, 646, 1083, 1017, 299, 869, 473, 749, 198, 599, 470, 363, 1180, 594, 1041, 1116, 1267, 582, 1117, 373, 1025, 411, 244, 454, 439, 1256, 1028, 165, 1002, 131, 512, 54, 184, 742, 487, 755, 730, 27, 827, 435, 605, 635, 857, 725, 205, 767, 426, 592, 69, 968, 25, 685, 976, 867, 843, 1034, 125, 200, 1070, 985, 1241, 612, 1254, 946, 631, 561, 259, 641, 1013, 468, 21, 726, 35, 300, 440, 902, 145, 1073, 1080, 30, 298, 966, 1026, 720, 347, 493, 784, 819, 852, 1139, 486, 150, 629, 424, 1110, 930, 866, 22, 246, 82, 264, 579, 844, 1087, 760, 273, 7, 860, 1038, 74, 1004, 899, 437, 490, 155, 358, 1021, 378, 432, 1183, 1022, 859, 764, 642, 455, 1114, 310, 360, 1052, 1165, 149, 753, 176, 1247, 329, 413, 1194, 596, 415, 838, 1232, 741, 337, 958, 1032, 1023, 484, 23, 766, 858, 249, 73, 626, 354, 1150, 1132, 1008, 256, 174, 1044, 368, 292, 146, 1134, 1130, 63, 723, 167, 527, 937, 910, 452, 782, 982, 489, 932, 921, 34, 76, 90, 563, 1213, 441, 640, 497, 314, 46, 369, 576, 853, 255, 1147, 263, 163, 485, 1261, 721, 724, 269, 72, 571, 97, 979, 1259, 42, 1258, 664, 1065, 965, 442, 272, 95, 1148, 863, 672, 1158, 1018, 418, 1269, 922, 738, 1106, 927, 11, 55, 41, 215, 481, 675, 598, 26, 907, 162, 1053, 428, 208, 856, 663, 446, 1, 748, 1063, 414, 639, 350, 1151, 225, 925, 1030, 67, 848, 445, 338, 438, 243, 240, 854, 949, 80, 78, 581, 955, 817, 1049, 505, 421, 1016, 77, 242, 217, 147, 178, 248, 849, 950, 733, 1126, 917, 732, 963, 1263, 251, 1071, 81, 1076, 938, 1136, 1123, 128, 52, 318, 291, 967, 1209, 109, 935, 916, 1252, 1149, 495, 160, 559, 1155, 875, 254, 943, 387, 151, 891, 294, 417, 923, 912, 87, 235, 1146, 878, 734, 1015, 92, 936, 419, 1251, 37, 1142, 79, 1125, 261, 222, 841, 175, 630, 1272, 914, 855, 450, 774, 258, 501, 65, 722, 1250, 230, 509, 504, 939, 673, 448, 86, 515, 1037, 763, 648, 847, 740, 1036, 632, 409, 933, 906, 754, 752, 237, 1055, 528, 245, 157, 1066, 449, 1033, 1143, 744, 1262, 153, 453, 915, 884, 1135, 447, 239, 58, 1051, 564, 728, 342, 168, 96, 241, 171, 91, 1133, 919, 1266, 502, 735, 957, 729, 1011, 94, 229, 842, 851, 952, 1127, 345, 731, 758, 221, 500, 941, 595, 920, 1131, 1249, 75, 61, 289, 1191, 232, 260, 913, 961, 1129, 156, 430, 1009, 158, 436, 1255, 257, 1115, 219, 36, 522, 404, 911, 1265, 953, 850, 931, 1074, 737, 1035, 51, 154, 84, 929, 456, 443, 24, 483, 897, 262, 845, 431, 236, 513, 191, 85, 1137, 1270, 1189, 587, 88, 928, 1046, 1145, 1260, 503, 499, 253, 164, 252, 506, 186, 747, 524, 846, 969, 161, 416, 357, 1140, 861, 93, 736, 1056, 924, 295, 386, 761, 645, 918, 727, 864, 942, 434, 224, 351, 89, 970, 166, 152, 496, 181, 140, 1067, 444, 523, 739, 227, 1138, 429, 934, 1264, 896, 70, 1048, 301, 1141, 1014, 405, 247, 954


Tempo de Execuçao: 120.801785 s

Algoritmo Construtivo Guloso Randomizado Reativo
--- Descrição da Cobertura Mínimal em Custo de Vértices Ponderados ---

Alfa: 0.100000
Cobertura de Menor Custo: 1239
Vertices utilizados: 
827, 705, 1093, 996, 124, 651, 689, 678, 793, 465, 700, 997, 463, 814, 658, 134, 1097, 807, 378, 692, 119, 664, 1089, 687, 472, 776, 1101, 127, 688, 708, 720, 275, 798, 662, 1006, 685, 803, 702, 1104, 686, 603, 1186, 811, 794, 1202, 791, 663, 716, 612, 810, 703, 372, 285, 840, 694, 601, 363, 1087, 141, 131, 805, 781, 837, 679, 1088, 1207, 821, 129, 796, 271, 697, 699, 684, 371, 126, 675, 390, 604, 609, 1103, 834, 783, 683, 782, 135, 1085, 1219, 772, 368, 279, 993, 656, 800, 779, 132, 714, 704, 474, 1092, 1086, 1218, 1005, 1098, 1185, 614, 1223, 467, 717, 690, 1083, 706, 652, 712, 1204, 133, 1216, 797, 817, 775, 669, 552, 1178, 1100, 283, 795, 654, 1175, 330, 785, 1226, 112, 1095, 621, 1154, 477, 802, 458, 1061, 833, 812, 661, 142, 376, 274, 383, 459, 709, 397, 379, 1201, 839, 619, 1222, 1094, 122, 277, 1060, 711, 536, 1160, 341, 682, 366, 831, 789, 695, 826, 369, 988, 1003, 693, 787, 792, 769, 799, 691, 698, 1215, 184, 715, 1084, 605, 808, 1182, 349, 1157, 986, 113, 1102, 649, 130, 1187, 528, 180, 479, 985, 265, 602, 1161, 665, 460, 212, 618, 825, 613, 1205, 1231, 790, 475, 1099, 111, 138, 788, 538, 832, 375, 370, 815, 373, 710, 1193, 143, 1162, 99, 408, 531, 535, 773, 216, 469, 364, 666, 1167, 128, 657, 267, 676, 284, 707, 377, 121, 819, 381, 109, 14, 202, 5, 1220, 98, 672, 999, 543, 471, 530, 101, 518, 813, 574, 1246, 550, 214, 591, 346, 1007, 1197, 673, 1008, 610, 1163, 998, 125, 770, 900, 622, 398, 615, 809, 898, 332, 1000, 1213, 1168, 701, 179, 980, 480, 566, 1166, 9, 1181, 208, 367, 585, 786, 394, 990, 680, 989, 650, 336, 392, 1248, 992, 804, 1004, 401, 718, 461, 806, 771, 108, 909, 115, 521, 120, 541, 272, 139, 276, 466, 510, 457, 588, 116, 778, 365, 1069, 117, 315, 890, 305, 1062, 204, 273, 340, 1122, 286, 280, 328, 883, 780, 611, 879, 172, 660, 567, 327, 653, 205, 634, 1212, 534, 334, 1153, 972, 830, 407, 1121, 1203, 539, 1169, 1209, 278, 1238, 1091, 568, 395, 537, 137, 183, 823, 104, 1195, 476, 562, 517, 671, 352, 1234, 835, 801, 374, 888, 1199, 719, 410, 816, 540, 641, 532, 529, 353, 644, 877, 270, 589, 385, 547, 1156, 1043, 507, 20, 182, 1158, 551, 880, 545, 118, 1170, 1081, 333, 1067, 873, 829, 624, 895, 865, 468, 123, 200, 580, 1075, 426, 1179, 393, 193, 876, 1072, 462, 608, 211, 1058, 681, 350, 973, 1198, 1107, 820, 874, 1225, 668, 623, 326, 975, 268, 1221, 281, 107, 533, 197, 974, 838, 359, 818, 10, 320, 912, 606, 287, 784, 713, 554, 207, 995, 594, 674, 578, 4, 904, 659, 520, 590, 1196, 822, 828, 189, 617, 628, 1001, 1237, 170, 266, 199, 1241, 569, 670, 575, 169, 558, 306, 1054, 548, 190, 105, 869, 68, 1128, 894, 908, 203, 323, 546, 1243, 991, 977, 1073, 299, 1176, 1082, 1177, 508, 388, 620, 1111, 1224, 1105, 470, 1002, 516, 399, 269, 1174, 872, 667, 322, 637, 293, 106, 1064, 59, 389, 316, 777, 1188, 22, 418, 1077, 978, 1070, 12, 311, 291, 102, 1227, 194, 317, 46, 572, 403, 17, 1211, 1172, 1159, 297, 892, 868, 1013, 553, 31, 405, 766, 331, 944, 1232, 1012, 1235, 411, 210, 968, 655, 48, 60, 1124, 899, 583, 49, 881, 639, 696, 206, 282, 382, 187, 836, 325, 103, 542, 901, 1239, 756, 396, 319, 362, 312, 867, 196, 592, 97, 1065, 565, 561, 1034, 966, 994, 1090, 1057, 1096, 140, 1233, 544, 886, 361, 47, 52, 16, 110, 415, 597, 577, 1171, 983, 1120, 391, 100, 2, 290, 559, 176, 875, 549, 1214, 188, 32, 1242, 1173, 321, 889, 173, 1019, 1208, 1119, 768, 523, 871, 952, 560, 478, 870, 1029, 964, 61, 464, 570, 750, 209, 1200, 23, 1038, 34, 314, 492, 1010, 631, 146, 961, 69, 175, 643, 607, 171, 774, 30, 114, 882, 324, 555, 26, 1051, 1183, 625, 636, 28, 1236, 586, 347, 824, 329, 677, 335, 1108, 473, 1028, 15, 1240, 307, 595, 584, 213, 1071, 198, 1245, 56, 72, 296, 638, 288, 1144, 18, 300, 54, 1020, 1017, 1206, 424, 431, 66, 425, 485, 1164, 294, 762, 598, 967, 959, 1025, 38, 45, 887, 1165, 1110, 62, 642, 1, 400, 150, 1155, 1191, 6, 495, 1230, 948, 1244, 380, 1024, 493, 67, 41, 215, 884, 174, 43, 1112, 981, 181, 440, 1210, 1109, 1022, 1229, 345, 1123, 1031, 40, 764, 44, 1247, 33, 1009, 339, 494, 755, 406, 1021, 250, 1262, 627, 348, 201, 451, 866, 505, 21, 582, 647, 958, 1127, 13, 646, 587, 499, 356, 313, 195, 645, 1217, 496, 452, 167, 557, 42, 501, 1023, 292, 70, 1106, 938, 8, 1047, 511, 455, 420, 310, 251, 1045, 486, 1040, 648, 629, 1192, 438, 878, 264, 1263, 439, 358, 748, 759, 417, 730, 640, 962, 573, 885, 71, 963, 987, 1015, 745, 244, 742, 596, 1254, 487, 855, 893, 481, 155, 409, 259, 563, 192, 301, 843, 906, 1184, 844, 95, 726, 93, 218, 949, 741, 858, 1134, 1143, 856, 488, 1266, 437, 453, 1041, 430, 147, 752, 360, 64, 1251, 753, 384, 79, 73, 1030, 946, 937, 238, 247, 1147, 443, 261, 1011, 945, 29, 1115, 160, 178, 1080, 338, 1267, 1126, 737, 731, 515, 25, 223, 165, 1135, 1259, 910, 240, 1116, 734, 246, 57, 318, 423, 1076, 19, 891, 922, 927, 635, 441, 857, 1050, 1016, 86, 1265, 497, 226, 448, 976, 1114, 982, 754, 1042, 309, 422, 27, 75, 241, 746, 854, 1026, 1152, 923, 630, 257, 289, 145, 166, 733, 512, 163, 859, 154, 227, 735, 413, 484, 177, 221, 581, 434, 848, 1255, 749, 929, 74, 1129, 1037, 504, 1149, 525, 950, 743, 249, 454, 1117, 925, 85, 519, 82, 1133, 1257, 220, 81, 852, 308, 917, 941, 1151, 58, 564, 522, 902, 237, 432, 847, 402, 342, 763, 744, 248, 404, 35, 1078, 224, 1270, 445, 919, 1048, 151, 263, 1066, 863, 78, 304, 11, 1138, 354, 738, 765, 1249, 732, 50, 934, 442, 1039, 219, 960, 933, 953, 851, 1053, 153, 7, 255, 162, 1148, 1180, 239, 489, 387, 1269, 916, 947, 80, 1150, 232, 168, 903, 526, 185, 1260, 1079, 482, 262, 924, 1033, 853, 83, 1261, 556, 600, 727, 725, 850, 920, 1145, 230, 757, 63, 148, 88, 357, 436, 91, 414, 242, 915, 955, 970, 506, 905, 65, 1036, 252, 1139, 446, 1253, 416, 236, 740, 936, 761, 860, 87, 355, 500, 152, 222, 935, 940, 861, 984, 412, 509, 1052, 1146, 1250, 149, 260, 96, 186, 386, 136, 449, 722, 930, 1130, 1049, 233, 1252, 444, 90, 503, 258, 942, 723, 841, 842, 921, 302, 954, 1014, 751, 1046, 1142, 157, 92, 576, 234, 721, 498, 914, 1027, 159, 229, 456, 76, 1074, 419, 447, 1264, 527, 254, 351, 593, 864, 939, 1056, 896, 971, 1063, 1131, 1258, 36, 235, 483, 913, 1137, 161, 907, 228, 747, 256, 626, 1189, 729, 450, 24, 303, 849, 579, 928, 337, 1268, 298, 1125, 951, 77, 158, 969, 429, 428, 39, 739, 632, 51, 926, 1141, 846, 94, 760, 225, 245, 502, 724, 758, 571, 918, 514, 957, 1035, 965, 344, 1140, 911, 1256, 53, 1059, 217, 84, 156, 427, 435, 491, 524, 728, 862, 932, 243, 1018, 956, 1055, 1113, 1132, 1271, 1190


Tempo de Execuçao: 272.965952 s

