Trabalho de Grafos
Autor: Helder Linhares Bertoldo dos Reis
Matrícula: 201465555A


- Análise do Grafo -

Número de Vértices: 1400
Número de Arestas: 109401



Algoritmo Construtivo Guloso
Cobertura de Menor Custo: 1365
Vertices Utilizados: 
45, 31, 951, 241, 967, 959, 34, 1336, 32, 452, 42, 527, 40, 134, 26, 451, 971, 1356, 461, 532, 41, 466, 954, 989, 1348, 36, 462, 1330, 965, 986, 150, 540, 43, 226, 460, 549, 975, 534, 475, 1358, 29, 956, 44, 974, 239, 980, 33, 176, 465, 845, 548, 963, 994, 1367, 969, 38, 138, 307, 473, 998, 1374, 139, 30, 955, 189, 833, 957, 50, 529, 972, 1352, 132, 982, 459, 990, 1326, 1361, 550, 992, 1364, 1368, 148, 961, 1371, 230, 541, 1329, 248, 839, 1332, 47, 964, 1076, 35, 129, 238, 978, 1324, 1363, 37, 142, 193, 324, 472, 786, 848, 996, 463, 1349, 1357, 82, 141, 464, 543, 777, 834, 1096, 958, 1351, 144, 231, 301, 781, 245, 526, 973, 1079, 528, 843, 985, 183, 234, 286, 458, 533, 970, 795, 850, 1359, 86, 179, 983, 1375, 128, 180, 831, 469, 988, 1097, 27, 531, 842, 952, 49, 454, 979, 1365, 62, 78, 539, 962, 981, 1046, 72, 130, 455, 1091, 1302, 195, 536, 24, 131, 800, 977, 1050, 1333, 28, 826, 1353, 11, 39, 79, 471, 537, 841, 1341, 849, 953, 984, 1038, 89, 133, 243, 313, 780, 987, 467, 829, 960, 51, 127, 196, 1082, 1220, 367, 789, 827, 1083, 1369, 227, 321, 840, 968, 1042, 149, 406, 1334, 85, 411, 1039, 1207, 1366, 233, 530, 778, 1084, 80, 456, 792, 1092, 1320, 25, 143, 53, 199, 545, 836, 936, 228, 370, 468, 907, 1027, 1099, 1372, 8, 61, 308, 1028, 375, 784, 830, 993, 1093, 73, 137, 785, 1029, 1343, 48, 232, 966, 1045, 92, 136, 280, 316, 542, 783, 656, 1307, 1337, 146, 457, 18, 562, 654, 812, 1213, 1335, 71, 681, 844, 1098, 145, 200, 1155, 306, 362, 470, 794, 1040, 20, 312, 511, 835, 997, 1311, 1354, 140, 237, 414, 676, 846, 1033, 100, 191, 373, 799, 1009, 1316, 57, 135, 547, 847, 1331, 796, 1034, 1362, 9, 69, 242, 352, 805, 934, 1077, 1306, 354, 420, 570, 1035, 1089, 1119, 1360, 81, 700, 788, 824, 126, 198, 558, 1048, 369, 669, 1087, 1304, 99, 147, 538, 627, 790, 58, 793, 838, 976, 1044, 1080, 292, 502, 1125, 1161, 83, 244, 412, 776, 837, 1094, 1301, 190, 646, 823, 70, 289, 364, 402, 514, 999, 1346, 46, 1031, 1118, 1221, 1373, 374, 787, 938, 1122, 1173, 480, 535, 690, 832, 914, 55, 298, 762, 782, 801, 1011, 1303, 84, 317, 371, 544, 814, 1162, 1338, 563, 931, 1043, 1085, 54, 90, 206, 249, 365, 494, 1090, 1224, 1350, 63, 403, 905, 1015, 1055, 88, 561, 633, 691, 1000, 1225, 1317, 229, 453, 925, 943, 1169, 2, 687, 817, 1321, 404, 481, 1156, 284, 522, 575, 655, 1086, 1227, 1355, 637, 804, 1026, 1218, 1279, 1370, 95, 310, 361, 1095, 1318, 216, 296, 320, 418, 663, 1022, 1174, 1233, 1323, 64, 640, 698, 892, 930, 1248, 185, 275, 315, 422, 474, 647, 667, 950, 1049, 1061, 94, 331, 1245, 1340, 235, 424, 488, 555, 635, 1078, 1215, 337, 911, 1047, 1062, 98, 265, 574, 695, 917, 1003, 1088, 1123, 1153, 673, 1234, 1305, 214, 264, 287, 341, 496, 546, 680, 825, 1004, 1217, 66, 273, 358, 503, 636, 665, 798, 884, 1063, 1149, 65, 305, 478, 693, 991, 1282, 188, 359, 556, 630, 916, 1012, 1064, 1172, 1211, 1250, 1347, 258, 311, 327, 791, 1013, 56, 246, 272, 554, 638, 688, 764, 1021, 1056, 1278, 1319, 1342, 250, 559, 809, 894, 929, 1036, 23, 767, 828, 908, 942, 1018, 1057, 484, 697, 1105, 1165, 1235, 67, 91, 282, 813, 940, 283, 491, 552, 650, 949, 1008, 184, 270, 346, 553, 797, 1058, 75, 194, 758, 885, 927, 995, 1111, 120, 329, 351, 564, 644, 1006, 1067, 1152, 1249, 1300, 68, 771, 876, 926, 1019, 15, 674, 912, 1212, 1284, 1325, 97, 117, 261, 349, 573, 913, 1116, 1294, 220, 476, 877, 1014, 1075, 262, 419, 482, 516, 682, 1109, 1327, 74, 631, 1131, 1244, 1288, 181, 236, 483, 517, 694, 802, 878, 1203, 1310, 217, 257, 277, 368, 560, 1296, 177, 222, 490, 696, 819, 883, 945, 1157, 1344, 178, 253, 340, 407, 632, 1051, 1201, 657, 1037, 1059, 1100, 1101, 1209, 16, 318, 326, 356, 551, 821, 910, 1114, 1210, 1345, 639, 763, 1002, 1030, 1176, 1231, 408, 432, 944, 1023, 1112, 1190, 1314, 192, 260, 495, 658, 755, 895, 13, 271, 330, 366, 766, 1069, 1214, 1328, 113, 213, 347, 566, 634, 679, 899, 1020, 256, 417, 438, 518, 748, 1230, 1263, 1312, 76, 567, 662, 753, 948, 1016, 1041, 1110, 1151, 1204, 1286, 336, 485, 626, 686, 822, 898, 909, 1246, 255, 487, 608, 649, 1143, 1205, 1295, 288, 413, 756, 1068, 104, 205, 295, 328, 445, 734, 889, 1124, 1179, 110, 334, 760, 890, 941, 1005, 1164, 60, 360, 492, 707, 924, 946, 1290, 252, 294, 372, 428, 642, 689, 1007, 1073, 1163, 1197, 109, 304, 440, 479, 611, 754, 1017, 77, 197, 572, 628, 670, 772, 1180, 93, 111, 269, 276, 314, 645, 886, 1115, 1168, 1228, 22, 278, 500, 593, 684, 770, 1025, 1127, 1240, 1287, 1309, 357, 430, 668, 722, 818, 928, 1251, 52, 106, 338, 557, 579, 855, 1199, 247, 427, 497, 935, 1104, 1150, 1170, 1292, 87, 187, 300, 713, 919, 1065, 1194, 1308, 203, 333, 436, 761, 900, 1266, 108, 186, 240, 342, 363, 415, 498, 587, 746, 1106, 1132, 1185, 1277, 259, 431, 875, 891, 1010, 1032, 1193, 1255, 267, 409, 568, 643, 896, 1066, 1103, 1293, 115, 290, 343, 437, 703, 740, 874, 1229, 1254, 297, 441, 505, 711, 897, 1171, 112, 211, 448, 489, 519, 580, 609, 659, 1313, 1384, 344, 423, 660, 729, 1081, 1113, 1141, 1166, 1202, 1387, 116, 221, 383, 594, 615, 718, 810, 861, 923, 1024, 1216, 251, 335, 439, 599, 683, 1072, 1189, 1267, 202, 279, 353, 499, 507, 701, 757, 816, 1142, 1159, 1238, 1298, 1315, 123, 433, 666, 705, 1120, 1252, 1378, 21, 219, 291, 323, 447, 509, 585, 851, 1133, 355, 709, 738, 858, 920, 1117, 1259, 1392, 96, 151, 281, 332, 569, 578, 619, 933, 19, 103, 208, 263, 384, 493, 521, 596, 712, 743, 870, 893, 906, 1071, 1188, 1394, 124, 170, 386, 435, 603, 1135, 1239, 1262, 207, 339, 405, 576, 623, 715, 730, 779, 864, 1275, 1380, 156, 215, 394, 410, 742, 751, 1146, 1177, 1297, 1381, 125, 159, 345, 515, 571, 610, 744, 865, 915, 932, 1054, 1178, 1247, 1271, 1382, 161, 379, 446, 586, 620, 1147, 1206, 1274, 1388, 163, 388, 510, 590, 629, 708, 871, 903, 1167, 1299, 5, 174, 223, 426, 614, 672, 716, 739, 769, 803, 1273, 1389, 17, 114, 381, 581, 879, 1134, 1184, 1222, 1395, 155, 385, 588, 604, 692, 704, 728, 857, 1195, 160, 212, 390, 591, 606, 661, 723, 750, 752, 860, 888, 922, 1052, 1129, 1260, 1385, 59, 118, 165, 299, 397, 607, 759, 869, 1137, 1182, 1264, 175, 309, 434, 504, 595, 616, 725, 735, 807, 904, 939, 1121, 1145, 1223, 1377, 10, 209, 376, 512, 600, 652, 811, 859, 881, 1256, 119, 152, 380, 612, 727, 873, 1236, 1398, 157, 391, 486, 513, 622, 675, 724, 731, 815, 1138, 1183, 1243, 1280, 1, 158, 225, 325, 395, 677, 745, 1253, 1379, 7, 105, 162, 268, 399, 416, 525, 577, 617, 710, 768, 853, 1175, 1192, 1208, 1390, 167, 429, 583, 621, 671, 732, 854, 937, 1270, 1283, 1397, 14, 102, 172, 201, 302, 348, 389, 421, 520, 565, 592, 737, 863, 1128, 1399, 443, 706, 747, 918, 1001, 1053, 1140, 1191, 1237, 1257, 1281, 164, 319, 377, 508, 601, 641, 678, 719, 862, 1074, 1268, 1383, 169, 204, 322, 378, 401, 442, 597, 721, 774, 866, 1136, 1160, 1196, 1391, 101, 171, 382, 524, 605, 651, 726, 902, 1200, 1232, 1272, 1276, 1396, 387, 444, 582, 613, 852, 1126, 1154, 1400, 3, 121, 153, 224, 285, 392, 477, 501, 598, 618, 699, 702, 733, 765, 806, 856, 1070, 1130, 1187, 1258, 154, 254, 393, 714, 749, 887, 1108, 1139, 1261, 1285, 1393, 4, 107, 166, 182, 266, 293, 396, 450, 506, 602, 867, 1144, 1181, 1226, 6, 168, 210, 398, 584, 624, 653, 717, 736, 773, 808, 868, 880, 901, 947, 1102, 1186, 1241, 1265, 1289, 1376
Tempo de Execuçao: 1.520735 s


Algoritmo Construtivo Guloso Randomizado
--- Descrição da Cobertura Mínimal em Custo de Vértices Ponderados ---

Alfa: 0.150000
Cobertura de Menor Custo: 1364
Melhor Semente: 27
Vertices utilizados: 
144, 982, 998, 1326, 545, 1352, 965, 845, 843, 44, 465, 833, 474, 533, 848, 134, 453, 1364, 141, 30, 42, 28, 150, 39, 78, 41, 984, 129, 1099, 26, 1366, 967, 964, 233, 1336, 45, 786, 951, 1324, 38, 672, 100, 536, 1357, 244, 1358, 1334, 996, 1371, 986, 301, 457, 466, 1333, 963, 990, 968, 550, 455, 1079, 317, 526, 91, 178, 1096, 1356, 540, 462, 137, 1375, 529, 468, 1000, 303, 539, 972, 959, 1350, 36, 983, 655, 1367, 131, 35, 51, 238, 979, 830, 657, 467, 31, 795, 196, 83, 993, 34, 146, 1087, 975, 977, 190, 237, 1349, 530, 241, 987, 469, 1091, 1083, 33, 1097, 148, 133, 85, 511, 47, 185, 72, 145, 318, 841, 1348, 1042, 306, 451, 229, 176, 308, 994, 1050, 953, 778, 460, 1213, 147, 667, 29, 231, 1351, 978, 179, 472, 304, 842, 182, 316, 547, 676, 324, 1329, 228, 1084, 534, 313, 665, 452, 528, 969, 956, 1076, 473, 659, 544, 24, 183, 1220, 62, 666, 245, 206, 50, 1302, 321, 1365, 1224, 312, 227, 970, 475, 850, 693, 952, 79, 98, 1306, 700, 142, 836, 955, 140, 199, 48, 236, 232, 1028, 136, 781, 130, 243, 1089, 831, 794, 250, 1354, 139, 936, 814, 974, 777, 138, 658, 989, 94, 971, 1046, 1207, 548, 370, 1317, 69, 374, 471, 200, 824, 840, 1311, 92, 135, 985, 32, 527, 800, 286, 81, 1027, 195, 461, 406, 1038, 785, 907, 1303, 1332, 691, 354, 53, 82, 837, 149, 132, 193, 71, 143, 1155, 1082, 532, 1369, 1330, 1214, 126, 292, 375, 88, 1031, 812, 522, 669, 664, 1341, 180, 1039, 839, 230, 570, 1201, 549, 541, 780, 698, 546, 1033, 938, 783, 89, 73, 537, 57, 699, 905, 804, 8, 1331, 1048, 1316, 1373, 823, 1078, 463, 656, 980, 673, 246, 1304, 128, 27, 1080, 127, 12, 502, 954, 558, 248, 369, 826, 242, 22, 981, 419, 762, 454, 75, 464, 1035, 832, 1086, 70, 365, 11, 1045, 80, 215, 367, 364, 1212, 1029, 1307, 788, 1122, 1119, 627, 961, 957, 1321, 411, 784, 668, 960, 1161, 46, 20, 1095, 1360, 662, 192, 834, 351, 1092, 687, 177, 331, 287, 1125, 470, 846, 280, 1361, 226, 424, 1044, 554, 56, 543, 18, 186, 1090, 1355, 1353, 360, 310, 90, 86, 222, 514, 1314, 1100, 688, 356, 681, 296, 1337, 420, 1162, 403, 315, 801, 690, 1094, 459, 1335, 654, 880, 796, 827, 799, 63, 844, 1309, 373, 510, 562, 1169, 525, 813, 1343, 235, 1, 992, 1325, 494, 927, 1320, 758, 1206, 1301, 1077, 1047, 414, 213, 43, 99, 949, 835, 272, 883, 636, 943, 962, 1234, 1049, 256, 359, 1081, 58, 97, 931, 793, 1088, 1098, 1173, 1109, 1009, 776, 1368, 362, 25, 9, 909, 1221, 115, 458, 61, 1374, 307, 1346, 402, 217, 561, 958, 521, 1225, 1160, 5, 926, 1319, 214, 1163, 925, 817, 1215, 247, 805, 1014, 1279, 1156, 1227, 54, 838, 1305, 1149, 695, 635, 637, 1019, 1022, 997, 305, 37, 663, 113, 614, 1217, 234, 87, 189, 650, 789, 934, 188, 49, 413, 1233, 633, 1218, 1023, 481, 258, 277, 496, 1245, 782, 1370, 1248, 847, 265, 1312, 1011, 84, 973, 194, 1062, 821, 876, 55, 363, 275, 64, 1323, 1055, 1040, 323, 21, 505, 1021, 764, 1110, 535, 640, 480, 988, 1288, 913, 253, 1116, 828, 1018, 575, 1056, 647, 1093, 1384, 991, 1061, 966, 1344, 358, 184, 488, 283, 337, 1037, 772, 326, 1008, 67, 885, 1340, 352, 412, 1318, 798, 271, 878, 273, 560, 542, 1165, 1026, 298, 112, 889, 495, 895, 284, 1036, 1338, 877, 679, 288, 682, 239, 320, 270, 563, 1034, 1123, 809, 503, 1012, 638, 553, 219, 1111, 697, 208, 908, 1075, 538, 1249, 330, 336, 689, 1342, 1013, 1067, 74, 361, 976, 630, 1300, 349, 517, 371, 1059, 930, 1058, 2, 819, 1143, 1204, 1043, 191, 791, 1101, 1294, 1153, 341, 942, 249, 408, 1362, 1372, 944, 1282, 632, 1085, 13, 1250, 486, 289, 564, 928, 1176, 902, 890, 574, 66, 1004, 1347, 264, 1105, 1205, 556, 123, 1278, 760, 950, 686, 768, 1209, 346, 822, 492, 328, 1211, 787, 478, 653, 644, 899, 755, 1363, 1150, 366, 1107, 1190, 329, 1106, 205, 181, 829, 476, 694, 1006, 16, 445, 1159, 487, 531, 203, 1228, 1328, 611, 1185, 1114, 65, 1246, 261, 1235, 1298, 1171, 566, 680, 892, 1064, 797, 314, 674, 518, 1174, 1286, 646, 552, 1386, 773, 1124, 257, 255, 1322, 946, 766, 482, 1057, 1041, 1244, 631, 1179, 763, 262, 648, 295, 1051, 1072, 1203, 117, 1005, 792, 432, 1230, 332, 940, 96, 884, 696, 1359, 929, 1030, 110, 849, 372, 886, 1131, 770, 916, 898, 430, 335, 1164, 428, 1015, 68, 917, 617, 347, 1308, 93, 912, 557, 485, 642, 225, 407, 340, 498, 404, 294, 418, 1296, 802, 1327, 999, 740, 1170, 1017, 1280, 1020, 1231, 910, 1112, 216, 1137, 894, 106, 40, 592, 1172, 1103, 1157, 685, 1310, 240, 555, 422, 748, 790, 500, 858, 438, 1016, 945, 111, 1180, 490, 95, 626, 767, 811, 1290, 914, 559, 368, 416, 645, 649, 509, 1297, 297, 573, 1003, 551, 1275, 1073, 484, 440, 437, 713, 724, 1168, 104, 1345, 738, 608, 670, 1254, 683, 1025, 260, 761, 1032, 863, 198, 594, 1104, 268, 107, 77, 278, 711, 995, 1177, 15, 1002, 327, 1197, 1243, 937, 254, 734, 448, 1208, 941, 479, 109, 578, 707, 1383, 269, 571, 593, 1281, 948, 290, 924, 855, 343, 753, 52, 643, 859, 634, 431, 639, 1053, 1285, 353, 771, 456, 1284, 903, 897, 1339, 727, 1166, 259, 281, 712, 105, 1074, 874, 300, 1007, 610, 1210, 339, 911, 1292, 1188, 426, 415, 497, 1010, 569, 1069, 491, 722, 851, 1271, 433, 750, 577, 483, 599, 338, 1198, 119, 1242, 1251, 156, 1388, 933, 745, 1148, 1132, 717, 1113, 224, 1118, 609, 600, 803, 302, 441, 1295, 1264, 900, 291, 1252, 875, 350, 607, 935, 779, 1193, 1397, 1390, 881, 1184, 893, 756, 725, 274, 891, 1255, 114, 752, 386, 276, 434, 1129, 1238, 1194, 1068, 388, 202, 282, 108, 390, 19, 1115, 221, 159, 1247, 447, 1387, 166, 744, 864, 499, 1151, 383, 587, 124, 342, 1142, 923, 604, 1313, 1127, 279, 504, 567, 759, 915, 444, 732, 23, 384, 417, 1378, 652, 1240, 1394, 716, 435, 857, 1283, 723, 865, 1274, 1259, 1066, 207, 152, 810, 267, 410, 621, 174, 120, 1258, 947, 381, 709, 749, 209, 507, 704, 590, 603, 1315, 1299, 1144, 743, 118, 1391, 751, 919, 425, 252, 896, 754, 1178, 1257, 163, 597, 1199, 586, 904, 585, 739, 171, 334, 168, 409, 151, 379, 1267, 715, 60, 1226, 436, 1395, 513, 1054, 1389, 746, 333, 377, 187, 862, 1117, 769, 1126, 1121, 4, 397, 201, 449, 405, 1147, 1071, 677, 818, 618, 576, 1158, 1135, 1262, 873, 816, 211, 616, 747, 572, 625, 10, 869, 155, 1236, 1382, 165, 399, 59, 489, 1266, 125, 922, 389, 1287, 871, 729, 1260, 721, 1139, 442, 515, 161, 870, 701, 580, 825, 385, 1377, 718, 1187, 1261, 519, 596, 1192, 1380, 382, 1195, 623, 1376, 1146, 1202, 121, 606, 719, 684, 157, 162, 1270, 7, 661, 565, 387, 170, 726, 319, 508, 220, 380, 741, 1141, 939, 628, 1063, 579, 1392, 1399, 602, 918, 309, 866, 173, 1183, 1219, 175, 595, 116, 620, 348, 391, 524, 1263, 731, 703, 1256, 1052, 210, 861, 1196, 395, 1133, 757, 615, 675, 1277, 622, 17, 1145, 736, 266, 1293, 293, 3, 1400, 1265, 439, 506, 400, 671, 223, 588, 806, 589, 702, 705, 1186, 728, 398, 167, 856, 169, 619, 868, 879, 1175, 1229, 299, 1152, 1398, 345, 1140, 906, 581, 820, 612, 730, 860, 401, 1200, 888, 1273, 443, 735, 212, 775, 355, 322, 501, 584, 714, 394, 520, 1272, 122, 14, 1134, 1138, 160, 1108, 1396, 624, 1001, 1291, 1385, 1241, 708, 1182, 164, 1120, 872, 815, 378, 678, 446, 854, 102, 1065, 591, 1216, 920, 396, 154, 197, 421, 218, 1268, 742, 311, 477, 1167, 357, 251, 1128, 1237, 76, 158, 737, 393, 932, 516, 427, 1189, 651, 613, 629, 710, 598, 867, 1269, 1393, 103, 807, 153, 1223, 450, 1276, 582, 512, 392, 605, 774, 568, 706, 852, 921, 887, 1136, 1181, 1379, 1070, 1232


Alfa: 0.250000
Cobertura de Menor Custo: 1367
Melhor Semente: 25
Vertices utilizados: 
1367, 1096, 1368, 472, 777, 136, 470, 1369, 176, 457, 245, 308, 537, 538, 148, 47, 979, 463, 663, 991, 464, 963, 998, 955, 94, 1356, 177, 986, 977, 468, 183, 33, 182, 652, 847, 131, 1077, 232, 835, 314, 981, 668, 1360, 992, 189, 544, 849, 301, 534, 1374, 786, 653, 1093, 795, 142, 907, 654, 43, 475, 194, 836, 1224, 1338, 237, 305, 936, 1346, 1221, 462, 233, 321, 227, 452, 972, 690, 466, 1038, 956, 1370, 850, 235, 130, 138, 964, 1046, 1331, 1076, 993, 132, 834, 54, 657, 24, 1332, 81, 1349, 1324, 669, 178, 32, 89, 988, 474, 975, 700, 50, 414, 844, 298, 1348, 127, 289, 1097, 970, 303, 83, 539, 73, 143, 548, 41, 676, 128, 145, 373, 1372, 665, 180, 1361, 961, 467, 246, 985, 112, 982, 318, 458, 1225, 40, 313, 547, 1220, 234, 459, 77, 1103, 324, 521, 673, 137, 1084, 1089, 1363, 976, 1375, 199, 206, 90, 1362, 1326, 139, 675, 953, 149, 967, 958, 973, 1099, 312, 536, 1335, 316, 230, 833, 26, 198, 296, 193, 30, 952, 1085, 371, 146, 71, 990, 916, 831, 664, 38, 310, 244, 87, 535, 186, 115, 413, 98, 1319, 82, 18, 28, 220, 96, 965, 697, 804, 511, 369, 135, 997, 351, 1302, 402, 824, 188, 1218, 688, 546, 994, 39, 1320, 200, 35, 51, 424, 1095, 412, 1080, 504, 453, 966, 827, 1334, 61, 823, 1304, 1026, 672, 699, 320, 228, 222, 989, 1035, 231, 27, 302, 195, 655, 85, 191, 781, 959, 570, 1381, 1045, 1353, 213, 962, 460, 315, 1028, 943, 365, 1214, 44, 516, 9, 681, 968, 785, 545, 455, 2, 1357, 679, 292, 144, 367, 352, 627, 249, 531, 839, 762, 364, 1371, 505, 792, 974, 247, 1212, 454, 451, 1314, 1358, 317, 1100, 134, 666, 129, 229, 494, 79, 1364, 561, 800, 11, 550, 1116, 57, 1047, 1303, 236, 1330, 1090, 86, 25, 307, 1009, 1044, 829, 361, 29, 123, 528, 693, 91, 418, 1343, 1031, 358, 210, 978, 411, 957, 837, 983, 150, 359, 514, 1040, 1118, 20, 64, 1048, 682, 1109, 1307, 238, 226, 659, 1169, 930, 543, 1359, 658, 190, 8, 674, 1056, 248, 895, 66, 1340, 1323, 527, 960, 1351, 954, 111, 951, 275, 695, 403, 192, 783, 1125, 1216, 969, 817, 360, 72, 1223, 638, 885, 640, 1305, 80, 1325, 205, 1162, 687, 1098, 1091, 92, 1365, 78, 1149, 830, 422, 126, 1318, 1170, 203, 23, 1341, 843, 787, 3, 133, 265, 840, 221, 1354, 48, 646, 1000, 996, 932, 883, 37, 526, 271, 912, 554, 1083, 832, 784, 791, 1201, 55, 1321, 940, 822, 1301, 1352, 294, 532, 406, 913, 1310, 1123, 780, 223, 1250, 280, 1209, 776, 541, 211, 69, 764, 216, 899, 1022, 812, 258, 971, 283, 282, 1316, 522, 519, 876, 1061, 1039, 279, 788, 845, 846, 99, 892, 502, 1393, 950, 1082, 650, 70, 349, 49, 529, 1124, 1088, 404, 698, 635, 1315, 925, 778, 987, 1336, 575, 485, 884, 370, 662, 19, 999, 563, 304, 889, 917, 88, 264, 1078, 1119, 487, 1234, 1029, 319, 254, 212, 1012, 1087, 1207, 1342, 31, 34, 1157, 1122, 1027, 1043, 1152, 1019, 409, 1389, 331, 58, 562, 634, 1217, 104, 644, 1075, 346, 272, 53, 461, 1282, 678, 894, 278, 240, 1227, 473, 842, 187, 752, 1011, 242, 45, 75, 890, 456, 1160, 927, 848, 340, 1058, 782, 22, 1345, 1049, 471, 469, 12, 525, 530, 496, 814, 1094, 1279, 1014, 909, 1248, 799, 1309, 660, 1034, 273, 649, 356, 1, 620, 914, 689, 555, 838, 1037, 767, 408, 995, 1172, 1311, 1215, 63, 196, 922, 291, 1173, 1211, 1004, 1333, 498, 74, 1317, 306, 1350, 67, 813, 261, 1278, 1073, 1284, 284, 518, 1033, 761, 1245, 1016, 841, 758, 878, 796, 1018, 13, 184, 42, 1171, 257, 476, 809, 1008, 84, 120, 328, 696, 488, 636, 251, 1105, 490, 980, 1226, 97, 239, 506, 790, 1137, 326, 938, 286, 900, 667, 1150, 1054, 609, 773, 1062, 1156, 250, 277, 65, 789, 756, 1197, 566, 362, 1288, 311, 1213, 465, 1110, 1107, 949, 256, 1159, 224, 818, 374, 62, 691, 905, 491, 1233, 1079, 656, 1161, 934, 1337, 333, 336, 557, 1306, 1059, 262, 772, 109, 1239, 419, 819, 495, 486, 1344, 253, 1132, 427, 926, 1249, 1244, 603, 1092, 630, 1158, 549, 1086, 1148, 106, 341, 797, 480, 214, 270, 1165, 363, 826, 1190, 428, 1252, 794, 1114, 350, 510, 1243, 368, 1036, 551, 208, 1355, 648, 1017, 1021, 1115, 734, 354, 100, 1329, 523, 375, 587, 1347, 1296, 517, 793, 556, 1373, 1275, 1069, 564, 1308, 481, 347, 181, 1063, 1247, 798, 897, 558, 1384, 334, 1005, 738, 36, 1068, 1194, 898, 1200, 287, 185, 586, 1228, 1210, 15, 617, 931, 1057, 821, 1204, 1025, 68, 984, 771, 330, 1003, 694, 1290, 329, 1106, 1041, 446, 1203, 573, 637, 93, 1257, 626, 911, 300, 445, 1007, 415, 274, 553, 420, 478, 1176, 1113, 599, 1294, 241, 811, 1163, 215, 1174, 805, 448, 858, 750, 941, 1230, 288, 633, 533, 440, 1242, 141, 290, 147, 763, 614, 1166, 437, 1238, 260, 1388, 335, 1131, 680, 107, 332, 113, 611, 309, 920, 632, 1108, 1298, 1032, 1117, 722, 1042, 859, 435, 540, 1366, 1064, 945, 252, 869, 542, 1300, 268, 642, 870, 285, 1295, 1195, 877, 297, 825, 1240, 433, 880, 863, 891, 1185, 1386, 1312, 574, 46, 641, 217, 647, 760, 707, 1104, 639, 1006, 605, 828, 715, 430, 1015, 338, 1168, 179, 1280, 1177, 76, 1023, 105, 417, 580, 592, 631, 293, 327, 928, 281, 503, 1164, 714, 1322, 372, 755, 770, 579, 1235, 944, 1013, 1254, 1143, 255, 670, 946, 1055, 807, 552, 1281, 1020, 295, 568, 1112, 479, 727, 608, 801, 1072, 431, 717, 482, 743, 768, 500, 1286, 1030, 861, 353, 713, 745, 600, 893, 1182, 337, 1010, 121, 559, 1231, 1263, 432, 439, 416, 855, 872, 108, 1178, 407, 119, 594, 1205, 366, 489, 619, 1328, 628, 56, 686, 948, 125, 874, 759, 1256, 1206, 1052, 1193, 492, 886, 1378, 1146, 259, 116, 711, 7, 730, 151, 560, 438, 447, 1129, 357, 400, 493, 378, 1198, 919, 723, 902, 110, 390, 410, 388, 442, 1141, 896, 593, 441, 168, 1127, 1050, 616, 1383, 166, 942, 910, 748, 1264, 1074, 497, 174, 1299, 387, 1277, 276, 740, 1397, 881, 1267, 1266, 52, 802, 572, 202, 645, 719, 376, 935, 379, 1155, 875, 1066, 597, 1268, 1246, 219, 732, 596, 709, 1313, 1120, 569, 1327, 1188, 712, 1273, 1392, 501, 1394, 857, 576, 622, 499, 590, 16, 267, 140, 1199, 1128, 170, 243, 389, 1269, 728, 867, 864, 625, 173, 1219, 171, 871, 751, 643, 903, 1271, 1376, 615, 156, 339, 1081, 345, 323, 1147, 747, 95, 815, 591, 701, 851, 425, 1255, 1145, 386, 769, 1136, 4, 426, 1265, 746, 484, 906, 162, 1179, 509, 1121, 1002, 585, 908, 887, 882, 1241, 343, 385, 923, 382, 1293, 1297, 704, 737, 1133, 1285, 477, 683, 766, 571, 102, 513, 117, 152, 1184, 741, 1379, 716, 1151, 394, 1071, 1101, 865, 588, 157, 749, 820, 167, 507, 606, 1153, 423, 706, 1391, 612, 1399, 684, 1377, 1287, 118, 153, 1274, 651, 263, 1192, 397, 685, 59, 724, 399, 904, 1183, 577, 744, 1390, 515, 1208, 703, 1142, 1180, 172, 381, 163, 1053, 623, 10, 508, 947, 380, 103, 853, 578, 5, 860, 939, 161, 753, 209, 567, 725, 816, 1135, 607, 736, 155, 677, 729, 436, 1236, 60, 873, 396, 1130, 1251, 377, 114, 601, 718, 1396, 159, 384, 589, 1262, 1380, 269, 225, 937, 731, 918, 1259, 1138, 808, 924, 735, 595, 1189, 721, 443, 661, 757, 164, 613, 325, 207, 1186, 1400, 1339, 610, 6, 1260, 720, 449, 124, 1051, 754, 165, 1289, 1139, 383, 1181, 692, 1395, 392, 862, 204, 621, 1134, 584, 450, 1154, 14, 1111, 868, 1276, 160, 1382, 856, 1067, 1187, 583, 618, 879, 391, 1272, 512, 852, 915, 1070, 344, 1232, 1283, 175, 702, 348, 17, 726, 401, 101, 901, 1258, 520, 624, 733, 1196, 1065, 774, 1387, 154, 565, 421, 524, 393, 299, 581, 1126, 444, 218, 710, 929, 1175, 806, 1261, 779, 355, 1398, 398, 598, 604, 742, 705, 803, 158, 765, 434, 1229, 854, 1202, 1144, 1291, 1270, 602, 201, 322, 342, 1024


Alfa: 0.350000
Cobertura de Menor Custo: 1370
Melhor Semente: 26
Vertices utilizados: 
1360, 676, 130, 985, 470, 1088, 28, 976, 226, 1356, 907, 1352, 1090, 131, 778, 1330, 147, 989, 840, 43, 1333, 1201, 1085, 301, 823, 780, 1358, 668, 834, 39, 1093, 78, 970, 1384, 1367, 182, 669, 42, 827, 544, 454, 38, 842, 318, 250, 1214, 112, 317, 1097, 511, 953, 57, 367, 129, 825, 138, 661, 186, 1371, 1348, 543, 404, 958, 812, 100, 678, 303, 177, 245, 514, 1386, 844, 304, 51, 1222, 1361, 18, 457, 1336, 535, 1078, 232, 459, 188, 527, 521, 988, 1217, 468, 664, 936, 1089, 660, 545, 1050, 325, 1338, 1329, 184, 1215, 826, 233, 657, 322, 412, 190, 45, 323, 375, 1381, 1376, 1374, 142, 964, 801, 1038, 50, 1365, 1099, 247, 146, 311, 227, 36, 786, 913, 998, 320, 66, 1218, 464, 982, 974, 651, 97, 1343, 81, 104, 846, 1000, 33, 1339, 47, 324, 686, 1212, 1346, 206, 472, 673, 967, 847, 75, 1319, 249, 366, 966, 784, 830, 674, 785, 983, 305, 824, 228, 185, 662, 244, 528, 79, 795, 845, 1082, 1206, 684, 792, 542, 972, 1026, 1340, 1079, 1029, 150, 1055, 1202, 176, 369, 1351, 402, 124, 1349, 1207, 25, 1306, 841, 659, 951, 505, 549, 77, 96, 208, 987, 319, 1221, 12, 40, 149, 1045, 91, 687, 1311, 513, 562, 280, 530, 1216, 1347, 72, 777, 1326, 258, 1317, 1213, 698, 87, 295, 148, 41, 1234, 502, 99, 1092, 286, 689, 1314, 804, 308, 90, 956, 133, 813, 517, 292, 183, 44, 351, 126, 1122, 297, 11, 1162, 365, 83, 1077, 296, 783, 550, 971, 962, 270, 73, 1161, 1101, 905, 471, 310, 638, 420, 1083, 1046, 463, 957, 1373, 1062, 1044, 990, 1312, 1058, 1033, 1341, 992, 29, 217, 519, 667, 520, 973, 3, 892, 462, 1110, 1350, 362, 24, 49, 781, 193, 418, 1125, 298, 235, 1220, 134, 56, 644, 494, 796, 132, 1098, 1031, 1364, 321, 452, 203, 833, 1359, 914, 115, 411, 818, 1169, 239, 1105, 309, 681, 993, 481, 1076, 1307, 835, 31, 200, 143, 658, 455, 1316, 352, 93, 98, 952, 885, 980, 1315, 1322, 71, 793, 960, 911, 9, 525, 646, 302, 354, 1225, 1302, 909, 1328, 1282, 912, 1325, 563, 283, 195, 1027, 996, 230, 1368, 221, 306, 799, 537, 938, 1118, 656, 1100, 665, 522, 2, 1388, 371, 1015, 984, 55, 453, 254, 546, 92, 968, 316, 1095, 1069, 1397, 284, 67, 89, 1389, 1366, 1318, 943, 207, 1087, 800, 1047, 136, 32, 1233, 548, 419, 555, 291, 1043, 257, 287, 95, 975, 179, 475, 991, 782, 35, 1174, 139, 789, 355, 197, 790, 314, 20, 1037, 1284, 809, 1160, 86, 518, 480, 1320, 341, 503, 650, 408, 558, 189, 1111, 253, 626, 690, 538, 1303, 831, 680, 1204, 484, 692, 242, 80, 1091, 256, 495, 693, 1109, 1393, 763, 222, 978, 1230, 1064, 223, 756, 1153, 1155, 1335, 633, 196, 1032, 902, 977, 191, 53, 767, 541, 1049, 1067, 1012, 1238, 697, 1323, 695, 1342, 137, 1066, 243, 1163, 368, 671, 485, 653, 234, 192, 675, 981, 94, 1205, 261, 534, 231, 832, 68, 225, 1203, 229, 794, 198, 1081, 331, 337, 315, 1244, 205, 814, 357, 1334, 508, 1159, 682, 1028, 877, 476, 1102, 531, 424, 456, 251, 887, 766, 1053, 213, 1086, 539, 691, 346, 768, 510, 713, 27, 113, 916, 1345, 199, 1042, 1300, 699, 851, 1250, 630, 979, 340, 210, 360, 466, 1310, 326, 1157, 473, 238, 313, 829, 403, 1054, 1137, 994, 883, 1048, 949, 1375, 415, 679, 773, 619, 370, 609, 358, 1305, 1321, 575, 557, 559, 1290, 507, 881, 1003, 836, 1228, 373, 917, 927, 607, 445, 1052, 852, 950, 1172, 1245, 181, 349, 1355, 1171, 649, 1103, 934, 1248, 63, 523, 954, 427, 69, 8, 1219, 843, 48, 1094, 946, 1179, 1170, 1096, 26, 627, 120, 1304, 526, 1004, 1115, 532, 1119, 807, 1227, 1383, 839, 260, 1299, 635, 1211, 82, 1354, 140, 903, 931, 1277, 1247, 547, 1278, 554, 216, 772, 458, 817, 1104, 361, 1353, 932, 882, 666, 241, 1035, 1009, 573, 886, 328, 339, 474, 180, 446, 1075, 329, 288, 616, 278, 128, 422, 798, 1279, 654, 1124, 327, 372, 30, 1061, 895, 1208, 805, 849, 359, 685, 265, 1332, 955, 1363, 23, 663, 637, 1190, 240, 1039, 141, 889, 275, 416, 364, 613, 268, 1372, 103, 13, 1175, 908, 479, 497, 85, 999, 570, 88, 215, 878, 1298, 1063, 1113, 628, 579, 34, 401, 560, 1209, 220, 1297, 586, 107, 413, 338, 255, 959, 925, 1378, 797, 334, 1121, 488, 758, 1308, 603, 1251, 486, 1132, 787, 1324, 944, 344, 1036, 1056, 209, 1224, 273, 299, 16, 248, 1013, 121, 536, 643, 641, 924, 1051, 788, 58, 1249, 429, 710, 572, 450, 1240, 683, 290, 1370, 515, 1023, 1072, 632, 433, 237, 816, 145, 838, 277, 482, 565, 1396, 601, 759, 776, 1005, 647, 1296, 1020, 117, 1106, 574, 460, 631, 828, 1034, 1301, 910, 70, 719, 390, 1018, 1243, 435, 634, 1275, 345, 54, 855, 1068, 1011, 707, 965, 434, 553, 700, 1057, 712, 930, 753, 417, 1294, 1173, 65, 884, 775, 791, 440, 926, 642, 760, 465, 214, 363, 986, 727, 750, 864, 963, 84, 837, 478, 135, 1138, 487, 421, 490, 533, 438, 640, 437, 194, 1392, 489, 850, 711, 335, 588, 300, 393, 961, 394, 1059, 252, 289, 64, 1257, 1021, 496, 492, 1164, 1262, 332, 312, 272, 578, 1357, 581, 1189, 941, 294, 307, 202, 688, 734, 1143, 1008, 1016, 621, 343, 592, 423, 330, 1286, 439, 236, 612, 995, 246, 498, 897, 144, 848, 1266, 611, 276, 1146, 336, 102, 281, 899, 1265, 271, 744, 263, 1180, 566, 821, 1194, 561, 61, 969, 1193, 540, 110, 1369, 162, 483, 761, 500, 1246, 722, 928, 898, 1142, 285, 1019, 108, 444, 388, 1285, 605, 406, 1123, 1197, 746, 764, 747, 1283, 725, 617, 742, 1242, 948, 1144, 1024, 596, 170, 410, 106, 467, 111, 187, 282, 348, 940, 1231, 267, 620, 755, 1331, 865, 655, 218, 587, 568, 1260, 1014, 696, 432, 1071, 754, 469, 904, 906, 1145, 639, 1210, 1229, 595, 861, 564, 567, 175, 1084, 1390, 876, 74, 715, 399, 762, 1199, 1264, 62, 414, 1165, 858, 1270, 893, 1041, 1002, 451, 716, 860, 269, 461, 819, 875, 733, 1268, 1040, 46, 119, 1112, 52, 127, 425, 1152, 729, 1239, 1074, 1187, 173, 1006, 379, 593, 735, 1080, 552, 409, 1116, 923, 264, 219, 1344, 431, 1166, 900, 608, 1267, 945, 770, 1380, 811, 859, 1195, 384, 156, 15, 708, 1177, 293, 1107, 1253, 937, 333, 123, 1030, 1185, 153, 1151, 167, 1292, 745, 694, 1073, 21, 714, 645, 743, 5, 114, 387, 1288, 589, 347, 1139, 1149, 1131, 350, 918, 1394, 529, 873, 863, 389, 396, 155, 259, 751, 585, 822, 441, 1150, 22, 154, 929, 356, 1176, 426, 615, 448, 224, 870, 1022, 405, 125, 802, 509, 717, 392, 1391, 614, 741, 721, 160, 890, 395, 599, 1387, 1362, 1167, 701, 436, 1136, 551, 1259, 512, 726, 161, 703, 168, 493, 771, 1188, 808, 353, 1156, 1261, 583, 731, 105, 1254, 857, 1274, 1178, 921, 580, 378, 151, 1135, 447, 997, 874, 1295, 374, 670, 211, 1007, 1287, 728, 862, 723, 590, 1, 576, 1141, 1400, 122, 381, 1192, 1273, 757, 1337, 1313, 1379, 386, 157, 1309, 17, 1236, 504, 942, 606, 1070, 1293, 556, 1226, 732, 109, 947, 1263, 163, 1133, 867, 506, 571, 204, 709, 499, 1001, 896, 623, 748, 739, 1147, 383, 891, 169, 262, 10, 1127, 869, 178, 391, 901, 853, 174, 266, 165, 610, 1126, 1184, 600, 706, 19, 652, 1327, 60, 629, 920, 919, 602, 1017, 815, 1198, 1235, 166, 1237, 738, 597, 397, 1148, 1382, 749, 14, 806, 866, 1129, 377, 1120, 477, 1272, 382, 1181, 1271, 1252, 398, 152, 591, 274, 922, 1399, 443, 730, 584, 428, 1186, 1276, 935, 430, 1130, 636, 37, 622, 705, 1223, 872, 752, 1395, 704, 1183, 1065, 604, 737, 577, 116, 880, 1256, 1128, 810, 856, 894, 159, 871, 172, 491, 6, 1281, 769, 164, 774, 702, 400, 1154, 385, 1196, 803, 1117, 376, 516, 1377, 1289, 582, 212, 1255, 442, 718, 915, 118, 1182, 879, 933, 171, 625, 569, 598, 201, 407, 594, 501, 720, 736, 618, 1241, 279, 524, 1010, 1108, 1158, 1140, 1398, 7, 868, 1291, 1200, 101, 342, 76, 648, 4, 449, 1258


Tempo de Execuçao: 146.718788 s

Algoritmo Construtivo Guloso Randomizado Reativo
--- Descrição da Cobertura Mínimal em Custo de Vértices Ponderados ---

Alfa: 0.100000
Cobertura de Menor Custo: 1362
Vertices utilizados: 
30, 1358, 454, 992, 954, 956, 959, 245, 1363, 45, 238, 1351, 464, 471, 1333, 183, 994, 965, 136, 230, 845, 189, 127, 28, 248, 978, 38, 37, 36, 975, 41, 528, 973, 963, 475, 40, 35, 134, 468, 126, 461, 42, 1332, 1326, 1097, 655, 958, 986, 843, 1375, 48, 952, 47, 146, 1366, 957, 658, 969, 1367, 1374, 233, 33, 990, 149, 1356, 139, 179, 473, 243, 142, 1364, 955, 1371, 972, 458, 1353, 996, 1096, 226, 31, 537, 974, 89, 530, 182, 465, 529, 1352, 981, 1341, 545, 32, 100, 777, 176, 132, 459, 527, 39, 193, 1335, 313, 463, 460, 539, 455, 536, 842, 228, 531, 550, 998, 826, 543, 831, 50, 834, 1357, 795, 1079, 666, 128, 966, 307, 472, 960, 982, 232, 316, 1080, 24, 1093, 452, 848, 827, 1092, 833, 786, 150, 534, 1042, 1220, 980, 367, 1083, 308, 654, 143, 227, 1302, 549, 141, 993, 467, 1029, 86, 62, 466, 321, 133, 200, 85, 43, 541, 80, 462, 451, 1337, 148, 1346, 976, 1091, 532, 985, 129, 849, 138, 789, 1336, 540, 306, 194, 66, 112, 967, 61, 406, 1090, 196, 970, 72, 961, 130, 676, 836, 185, 1046, 780, 812, 1034, 665, 984, 83, 1324, 1089, 1221, 73, 979, 34, 1334, 511, 292, 25, 800, 195, 844, 301, 71, 469, 1368, 988, 49, 1369, 1027, 1076, 304, 663, 829, 1311, 298, 87, 1360, 241, 907, 964, 936, 962, 324, 846, 781, 533, 26, 1365, 1099, 457, 659, 1094, 535, 841, 1349, 1329, 1304, 1303, 135, 1224, 188, 239, 1372, 470, 1119, 1050, 1039, 27, 830, 693, 1343, 29, 989, 1009, 951, 365, 548, 369, 289, 1098, 1033, 850, 514, 698, 303, 354, 792, 669, 884, 70, 234, 839, 526, 144, 1320, 137, 412, 249, 987, 784, 82, 78, 794, 796, 216, 835, 13, 783, 46, 1077, 977, 352, 1031, 145, 402, 1207, 1048, 280, 318, 206, 1348, 191, 914, 75, 991, 1317, 840, 92, 646, 681, 57, 547, 1330, 9, 370, 411, 627, 1084, 793, 1038, 12, 312, 1307, 98, 1316, 1354, 778, 824, 351, 44, 244, 362, 1201, 700, 1306, 1040, 237, 373, 542, 53, 364, 1161, 1362, 99, 561, 847, 236, 1323, 84, 776, 817, 679, 242, 925, 799, 79, 231, 1125, 1338, 1082, 1162, 762, 284, 8, 997, 424, 1214, 64, 538, 1044, 837, 11, 54, 656, 1043, 1355, 782, 809, 1047, 374, 310, 1212, 404, 934, 950, 131, 180, 1373, 1155, 229, 971, 361, 801, 931, 199, 1359, 518, 360, 1088, 1245, 699, 250, 1213, 1087, 359, 190, 1301, 403, 481, 315, 805, 790, 647, 496, 1015, 59, 1122, 287, 2, 1163, 286, 214, 558, 1022, 320, 804, 687, 1331, 788, 273, 1217, 968, 69, 480, 90, 821, 1045, 1056, 1011, 371, 1218, 1028, 905, 488, 688, 1123, 1227, 892, 55, 81, 1118, 198, 554, 264, 1278, 767, 949, 563, 832, 785, 356, 691, 1209, 562, 235, 690, 270, 544, 942, 331, 1013, 1361, 758, 1225, 1055, 885, 94, 640, 1233, 1210, 341, 1000, 938, 147, 1314, 953, 1350, 1069, 271, 575, 1062, 1169, 1174, 630, 662, 890, 366, 1318, 1305, 323, 814, 22, 1103, 220, 1116, 494, 1282, 682, 673, 317, 213, 63, 813, 414, 272, 787, 1003, 1211, 635, 553, 926, 521, 15, 1340, 983, 1250, 889, 1026, 680, 1049, 74, 927, 556, 546, 184, 1023, 894, 1035, 1095, 650, 18, 883, 1173, 474, 1300, 505, 1370, 1109, 1059, 1234, 943, 919, 95, 657, 636, 1294, 522, 828, 1012, 755, 56, 899, 484, 1061, 140, 773, 265, 1085, 908, 1325, 695, 349, 358, 567, 1235, 1100, 275, 1160, 917, 1008, 91, 791, 375, 570, 674, 1152, 912, 1036, 420, 1149, 1101, 68, 913, 694, 644, 1248, 1296, 258, 1168, 1279, 574, 1157, 1014, 305, 88, 1153, 483, 337, 1021, 1190, 559, 632, 1041, 932, 326, 246, 278, 1016, 476, 878, 928, 1319, 764, 65, 797, 573, 823, 1205, 408, 51, 329, 696, 916, 1321, 633, 217, 995, 327, 363, 277, 638, 1037, 1172, 1086, 262, 516, 1067, 819, 631, 58, 686, 1057, 1019, 1247, 113, 771, 1004, 1124, 1328, 1176, 1112, 945, 418, 256, 772, 453, 1063, 1165, 1064, 940, 489, 177, 634, 1156, 110, 930, 498, 798, 1286, 1007, 490, 1231, 178, 120, 1068, 1345, 1111, 1219, 485, 478, 1290, 251, 1342, 898, 763, 560, 76, 895, 1143, 109, 346, 1215, 296, 330, 500, 1058, 1284, 1078, 929, 52, 628, 20, 1006, 1177, 734, 1309, 1106, 372, 440, 300, 67, 897, 775, 944, 222, 1246, 1203, 667, 551, 497, 802, 1131, 417, 1193, 1081, 208, 23, 253, 552, 689, 697, 1344, 261, 1170, 750, 187, 1277, 566, 332, 219, 413, 1230, 637, 1053, 760, 555, 1030, 626, 909, 486, 1066, 276, 1292, 1020, 445, 768, 1244, 948, 1104, 1249, 335, 608, 347, 886, 368, 432, 294, 761, 1017, 642, 1295, 344, 753, 564, 639, 1110, 328, 247, 502, 422, 491, 692, 1204, 1115, 1105, 257, 1025, 1159, 1002, 941, 1005, 910, 1308, 428, 240, 93, 645, 104, 611, 557, 336, 1194, 288, 1232, 668, 1171, 1281, 1347, 887, 106, 181, 724, 649, 117, 111, 838, 592, 282, 314, 1182, 1075, 348, 643, 340, 96, 438, 675, 1291, 427, 60, 416, 896, 935, 274, 205, 492, 874, 255, 1266, 479, 1114, 880, 911, 877, 1150, 1293, 1243, 1164, 999, 1327, 710, 1283, 586, 436, 268, 197, 260, 571, 203, 756, 334, 873, 297, 441, 1222, 946, 435, 499, 678, 456, 426, 192, 419, 123, 1315, 350, 1229, 355, 683, 748, 487, 904, 16, 1228, 423, 1072, 612, 1313, 651, 1252, 729, 746, 1298, 291, 401, 713, 770, 1180, 1074, 202, 851, 876, 1255, 493, 816, 722, 732, 510, 1018, 1310, 252, 259, 1254, 1024, 594, 568, 77, 711, 1280, 118, 947, 1141, 1312, 447, 807, 1010, 290, 670, 1384, 900, 430, 1107, 759, 102, 587, 1288, 353, 712, 108, 818, 433, 754, 922, 1137, 1376, 701, 859, 225, 495, 388, 513, 614, 212, 610, 861, 1032, 1054, 641, 1199, 743, 437, 339, 1179, 383, 865, 1390, 891, 1073, 10, 593, 933, 166, 295, 1132, 725, 1136, 1166, 156, 1271, 738, 338, 4, 508, 342, 707, 615, 1378, 390, 1381, 652, 269, 766, 1185, 507, 1113, 1322, 285, 1267, 1251, 1264, 822, 410, 124, 860, 616, 211, 708, 579, 159, 1398, 283, 1148, 155, 115, 715, 5, 1400, 596, 1195, 509, 745, 906, 857, 1257, 399, 407, 439, 311, 903, 161, 569, 576, 1240, 1184, 747, 580, 1393, 605, 387, 619, 704, 871, 1256, 660, 600, 684, 875, 1147, 1223, 386, 1146, 504, 623, 815, 153, 879, 744, 395, 609, 405, 168, 1389, 864, 584, 1189, 517, 1208, 398, 1206, 1145, 157, 1253, 1392, 939, 603, 1265, 21, 811, 345, 1188, 209, 385, 730, 151, 578, 114, 443, 881, 519, 1262, 924, 1388, 215, 599, 723, 709, 1065, 752, 735, 1259, 1186, 1287, 170, 19, 397, 448, 749, 855, 606, 625, 1239, 1121, 101, 380, 1395, 172, 1144, 1260, 1238, 1178, 751, 866, 446, 915, 923, 1397, 125, 210, 384, 742, 613, 1071, 918, 1191, 597, 1242, 1379, 863, 1142, 719, 152, 585, 175, 121, 381, 1263, 1151, 224, 1273, 1051, 450, 1129, 506, 309, 653, 602, 731, 720, 858, 1387, 1, 501, 319, 728, 825, 119, 595, 299, 400, 429, 705, 201, 921, 158, 1285, 160, 267, 1380, 1133, 703, 204, 716, 377, 1070, 769, 1261, 1139, 376, 163, 870, 409, 434, 1158, 477, 808, 882, 617, 524, 431, 581, 1396, 302, 1275, 396, 591, 1183, 622, 737, 1128, 867, 1181, 1135, 6, 1383, 122, 221, 523, 520, 590, 661, 171, 852, 893, 1117, 854, 779, 721, 14, 379, 164, 588, 733, 1108, 1167, 1339, 3, 620, 1200, 1386, 1270, 266, 1394, 714, 382, 394, 810, 736, 442, 757, 1297, 672, 1274, 174, 1236, 421, 1138, 601, 512, 515, 820, 853, 1258, 717, 1198, 1196, 17, 103, 165, 392, 1391, 727, 856, 607, 1126, 1382, 154, 186, 582, 391, 869, 1197, 589, 621, 740, 218, 107, 572, 685, 1175, 671, 162, 254, 1226, 281, 774, 902, 1130, 389, 618, 629, 1268, 415, 1052, 167, 322, 503, 293, 598, 333, 726, 718, 806, 1289, 868, 1134, 1241, 1269, 1120, 223, 1385, 169, 378, 279, 105, 449, 577, 604, 664, 706, 741, 862, 920, 1192, 1216, 1127, 1377, 1276


Tempo de Execuçao: 330.702198 s

