Trabalho de Grafos
Autor: Helder Linhares Bertoldo dos Reis
Matrícula: 201465555A


- Análise do Grafo -

Número de Vértices: 760
Número de Arestas: 41095



Algoritmo Construtivo Guloso
Cobertura de Menor Custo: 733
Vertices Utilizados: 
429, 430, 158, 169, 434, 239, 154, 428, 233, 61, 304, 436, 70, 170, 243, 167, 435, 199, 241, 423, 147, 231, 64, 364, 420, 238, 376, 427, 289, 140, 164, 432, 302, 411, 162, 234, 412, 217, 242, 421, 66, 232, 367, 415, 419, 693, 237, 375, 134, 213, 433, 574, 219, 236, 285, 587, 688, 221, 240, 403, 422, 532, 588, 368, 608, 691, 246, 676, 101, 699, 223, 370, 75, 107, 296, 560, 146, 166, 230, 274, 404, 378, 424, 578, 698, 171, 144, 210, 269, 431, 585, 564, 740, 74, 178, 402, 673, 22, 97, 437, 682, 207, 235, 291, 366, 216, 247, 293, 202, 273, 301, 417, 696, 244, 426, 700, 283, 372, 414, 591, 668, 26, 209, 379, 416, 684, 152, 398, 622, 227, 456, 553, 335, 569, 616, 71, 218, 399, 103, 148, 303, 380, 739, 91, 211, 252, 580, 299, 510, 524, 552, 669, 73, 104, 160, 267, 300, 623, 719, 114, 279, 405, 687, 734, 44, 704, 82, 151, 220, 382, 583, 603, 292, 514, 677, 60, 102, 215, 280, 526, 690, 94, 297, 363, 425, 180, 298, 349, 407, 54, 63, 678, 142, 208, 362, 516, 606, 155, 182, 667, 25, 245, 294, 365, 575, 604, 724, 149, 222, 369, 413, 34, 110, 225, 268, 522, 579, 681, 722, 250, 400, 504, 20, 189, 358, 735, 41, 228, 455, 531, 597, 707, 187, 286, 319, 284, 393, 692, 712, 731, 249, 295, 701, 62, 113, 255, 332, 500, 518, 727, 53, 88, 568, 683, 702, 29, 58, 159, 261, 582, 150, 226, 275, 281, 288, 320, 445, 557, 624, 729, 326, 449, 501, 27, 42, 135, 153, 528, 600, 670, 695, 157, 205, 337, 512, 536, 37, 161, 224, 440, 55, 287, 503, 611, 686, 710, 76, 109, 307, 355, 476, 601, 666, 47, 193, 507, 718, 23, 50, 87, 324, 478, 565, 602, 198, 214, 260, 450, 589, 618, 18, 203, 257, 354, 573, 713, 409, 498, 594, 675, 685, 21, 67, 127, 266, 502, 546, 614, 98, 133, 605, 703, 253, 270, 338, 486, 513, 566, 706, 69, 89, 550, 674, 741, 137, 323, 353, 508, 743, 14, 111, 124, 194, 272, 49, 77, 264, 418, 680, 717, 725, 52, 325, 348, 521, 599, 96, 123, 321, 496, 529, 534, 694, 570, 586, 11, 33, 139, 183, 256, 290, 331, 607, 728, 57, 99, 545, 116, 165, 330, 401, 511, 612, 715, 10, 72, 83, 186, 265, 391, 489, 543, 720, 108, 310, 333, 621, 8, 90, 277, 493, 530, 711, 759, 36, 68, 200, 350, 388, 697, 120, 143, 322, 744, 4, 31, 197, 477, 517, 537, 581, 65, 79, 254, 329, 438, 480, 561, 24, 93, 177, 212, 395, 523, 613, 12, 271, 341, 352, 559, 190, 383, 410, 544, 610, 721, 745, 59, 115, 262, 309, 327, 451, 485, 515, 377, 392, 525, 540, 30, 46, 179, 206, 447, 619, 746, 85, 344, 386, 457, 567, 635, 648, 672, 28, 119, 174, 191, 539, 638, 663, 750, 17, 92, 473, 482, 644, 19, 43, 373, 390, 439, 483, 572, 593, 749, 81, 131, 361, 495, 549, 617, 188, 389, 462, 647, 168, 306, 360, 442, 484, 538, 609, 628, 655, 738, 118, 318, 590, 641, 751, 16, 45, 136, 175, 343, 444, 460, 551, 658, 78, 112, 184, 258, 308, 487, 576, 642, 732, 5, 336, 374, 463, 555, 646, 760, 313, 381, 446, 497, 627, 662, 122, 259, 339, 384, 454, 730, 2, 128, 141, 278, 458, 488, 519, 629, 659, 742, 35, 56, 316, 356, 394, 461, 535, 632, 748, 192, 464, 490, 596, 654, 714, 40, 317, 346, 406, 533, 554, 664, 6, 125, 172, 195, 357, 385, 465, 491, 630, 342, 371, 452, 468, 636, 652, 689, 758, 48, 185, 305, 359, 470, 509, 547, 595, 656, 9, 100, 248, 453, 471, 520, 562, 584, 631, 84, 334, 472, 633, 650, 705, 752, 1, 32, 39, 121, 138, 397, 563, 620, 651, 726, 754, 38, 181, 345, 469, 494, 577, 625, 637, 660, 737, 756, 7, 95, 311, 474, 639, 679, 126, 176, 251, 443, 481, 505, 548, 556, 640, 657, 3, 130, 201, 282, 312, 340, 459, 661, 716, 733, 747, 163, 173, 396, 408, 467, 541, 615, 753, 86, 117, 229, 347, 492, 592, 634, 649, 755, 13, 105, 129, 145, 156, 196, 314, 441, 466, 499, 571, 643, 653, 708, 723
Tempo de Execuçao: 0.451922 s


Algoritmo Construtivo Guloso Randomizado
--- Descrição da Cobertura Mínimal em Custo de Vértices Ponderados ---

Alfa: 0.150000
Cobertura de Menor Custo: 731
Melhor Semente: 8
Vertices utilizados: 
161, 415, 411, 61, 682, 289, 433, 236, 691, 76, 296, 199, 367, 283, 182, 434, 302, 587, 153, 101, 431, 154, 719, 155, 429, 230, 240, 64, 399, 285, 232, 241, 400, 66, 604, 207, 223, 698, 403, 147, 242, 170, 239, 233, 608, 423, 430, 293, 140, 237, 532, 372, 58, 376, 220, 363, 166, 560, 696, 435, 557, 702, 370, 167, 688, 75, 91, 375, 20, 273, 699, 405, 268, 217, 422, 426, 568, 171, 97, 246, 366, 291, 54, 144, 585, 164, 294, 244, 146, 301, 436, 616, 412, 178, 211, 378, 704, 673, 216, 210, 22, 588, 60, 526, 103, 252, 700, 284, 218, 402, 524, 440, 267, 149, 622, 606, 169, 221, 417, 87, 102, 419, 37, 414, 176, 288, 34, 424, 279, 281, 299, 404, 380, 292, 158, 522, 71, 202, 369, 427, 274, 94, 63, 73, 298, 25, 516, 382, 398, 26, 238, 227, 330, 734, 243, 209, 213, 300, 88, 260, 740, 603, 600, 255, 269, 44, 670, 234, 304, 739, 150, 364, 208, 684, 222, 552, 275, 681, 518, 114, 512, 614, 578, 231, 437, 187, 215, 93, 569, 303, 428, 219, 735, 418, 266, 510, 421, 668, 669, 452, 110, 574, 504, 514, 500, 70, 455, 583, 135, 74, 160, 425, 675, 297, 416, 573, 203, 687, 678, 24, 197, 686, 67, 503, 326, 565, 456, 36, 690, 247, 362, 407, 605, 264, 712, 23, 113, 623, 413, 335, 206, 677, 581, 41, 368, 248, 685, 50, 445, 295, 724, 69, 579, 250, 8, 591, 420, 528, 676, 521, 365, 104, 693, 325, 261, 450, 107, 249, 193, 228, 348, 707, 727, 21, 225, 379, 502, 245, 159, 138, 286, 529, 354, 142, 355, 692, 545, 224, 270, 349, 718, 501, 280, 575, 701, 601, 324, 98, 152, 53, 726, 570, 695, 486, 621, 432, 515, 531, 722, 477, 599, 489, 319, 613, 257, 179, 205, 320, 680, 180, 493, 337, 77, 338, 544, 564, 226, 162, 139, 395, 198, 276, 582, 566, 667, 374, 743, 590, 254, 538, 256, 586, 580, 550, 394, 553, 513, 444, 235, 30, 377, 508, 308, 47, 480, 29, 42, 14, 214, 123, 391, 703, 148, 594, 327, 409, 498, 536, 441, 361, 253, 189, 390, 157, 151, 401, 82, 265, 307, 589, 339, 358, 732, 79, 393, 342, 332, 527, 278, 443, 731, 55, 546, 89, 111, 567, 331, 491, 517, 478, 185, 612, 618, 59, 333, 705, 385, 272, 52, 290, 200, 212, 537, 323, 81, 33, 713, 730, 715, 476, 496, 11, 714, 322, 27, 194, 277, 717, 341, 519, 386, 35, 534, 271, 62, 745, 438, 396, 175, 373, 109, 7, 624, 609, 127, 543, 658, 317, 17, 697, 759, 134, 19, 46, 85, 447, 483, 388, 611, 511, 190, 68, 525, 65, 721, 638, 133, 720, 143, 674, 558, 551, 540, 116, 204, 507, 750, 350, 5, 410, 165, 490, 381, 56, 711, 51, 755, 309, 119, 559, 353, 344, 617, 173, 664, 83, 72, 383, 315, 694, 183, 28, 548, 460, 115, 595, 306, 644, 329, 641, 321, 177, 484, 449, 191, 108, 610, 488, 473, 251, 554, 648, 446, 463, 485, 659, 90, 262, 626, 118, 16, 336, 31, 627, 756, 628, 10, 725, 642, 12, 343, 287, 672, 530, 749, 660, 744, 136, 505, 474, 539, 100, 259, 683, 577, 310, 122, 631, 482, 752, 311, 647, 453, 132, 635, 457, 632, 318, 18, 464, 439, 49, 495, 347, 360, 520, 584, 549, 657, 561, 130, 4, 258, 462, 533, 39, 15, 758, 181, 384, 120, 509, 741, 313, 458, 706, 392, 387, 654, 729, 99, 655, 84, 637, 461, 156, 562, 663, 547, 406, 751, 2, 598, 78, 576, 620, 359, 186, 710, 145, 442, 345, 131, 630, 172, 661, 757, 640, 737, 124, 465, 314, 389, 593, 633, 357, 137, 1, 596, 125, 747, 96, 201, 671, 459, 32, 742, 316, 196, 656, 92, 629, 494, 728, 472, 43, 665, 492, 535, 643, 650, 602, 556, 625, 471, 397, 38, 121, 340, 479, 351, 760, 45, 112, 634, 408, 467, 592, 86, 371, 448, 662, 174, 497, 6, 746, 229, 117, 9, 723, 106, 48, 754, 470, 572, 95, 168, 188, 646, 716, 454, 126, 312, 466, 649, 709, 481, 748, 352, 128, 328, 195, 356, 506, 475, 619, 541, 57, 645, 736, 651, 3, 192, 80, 597, 563, 636, 468, 666, 738, 652


Alfa: 0.250000
Cobertura de Menor Custo: 732
Melhor Semente: 21
Vertices utilizados: 
407, 244, 75, 171, 297, 415, 565, 591, 424, 532, 293, 269, 22, 283, 380, 669, 364, 187, 275, 208, 164, 398, 368, 146, 564, 273, 570, 54, 426, 267, 379, 693, 144, 412, 162, 198, 202, 597, 227, 433, 676, 437, 434, 79, 87, 296, 245, 67, 436, 243, 691, 73, 432, 222, 604, 149, 396, 247, 430, 429, 223, 285, 281, 107, 289, 372, 246, 428, 686, 215, 37, 616, 235, 103, 695, 214, 65, 411, 211, 274, 234, 180, 390, 207, 25, 66, 690, 169, 404, 298, 213, 151, 64, 155, 666, 696, 205, 193, 403, 389, 26, 687, 568, 239, 218, 421, 182, 23, 402, 369, 363, 446, 444, 552, 221, 217, 435, 378, 682, 189, 441, 456, 277, 203, 20, 585, 139, 220, 692, 618, 391, 238, 91, 486, 236, 440, 603, 74, 574, 60, 531, 197, 170, 36, 375, 294, 167, 326, 529, 147, 557, 722, 524, 210, 558, 63, 553, 422, 291, 362, 219, 284, 606, 153, 255, 349, 416, 611, 699, 703, 200, 678, 302, 680, 97, 707, 580, 264, 332, 69, 61, 232, 366, 688, 94, 719, 29, 573, 27, 624, 684, 704, 226, 516, 270, 382, 159, 304, 335, 242, 514, 507, 278, 199, 613, 53, 28, 683, 367, 186, 259, 578, 501, 303, 225, 348, 518, 500, 448, 418, 150, 24, 299, 286, 252, 431, 99, 739, 253, 600, 526, 697, 545, 602, 224, 594, 237, 256, 560, 287, 206, 670, 668, 260, 377, 240, 307, 76, 112, 490, 333, 596, 623, 228, 443, 677, 587, 62, 319, 569, 265, 667, 601, 376, 370, 71, 489, 365, 93, 77, 740, 176, 414, 324, 295, 393, 419, 178, 735, 729, 608, 44, 588, 567, 98, 702, 183, 504, 617, 88, 11, 249, 337, 423, 621, 449, 216, 519, 455, 148, 523, 495, 546, 33, 201, 70, 192, 484, 195, 329, 536, 420, 395, 512, 447, 409, 358, 104, 58, 427, 49, 320, 399, 559, 341, 353, 191, 268, 413, 90, 544, 503, 612, 445, 152, 394, 280, 700, 439, 731, 496, 477, 154, 30, 300, 272, 530, 325, 241, 101, 81, 721, 515, 710, 34, 248, 673, 698, 483, 160, 425, 581, 502, 622, 50, 89, 599, 712, 405, 31, 188, 384, 706, 135, 55, 279, 547, 127, 339, 388, 438, 330, 385, 109, 538, 231, 373, 508, 718, 381, 190, 517, 478, 209, 72, 694, 233, 322, 47, 276, 550, 556, 392, 158, 140, 354, 480, 18, 102, 331, 534, 114, 204, 627, 288, 42, 271, 543, 537, 401, 68, 257, 41, 479, 539, 450, 511, 157, 713, 261, 451, 583, 625, 701, 262, 709, 78, 138, 589, 521, 301, 582, 528, 266, 675, 614, 551, 566, 493, 116, 374, 609, 230, 290, 352, 19, 168, 194, 258, 4, 717, 119, 745, 136, 406, 452, 342, 212, 52, 111, 527, 343, 185, 759, 681, 82, 21, 642, 540, 641, 133, 488, 561, 312, 658, 355, 347, 340, 323, 83, 250, 417, 522, 359, 482, 741, 17, 549, 756, 184, 8, 46, 575, 725, 179, 505, 383, 743, 460, 607, 727, 635, 327, 313, 123, 473, 685, 657, 746, 316, 12, 510, 461, 318, 629, 742, 308, 749, 533, 14, 648, 130, 442, 640, 750, 638, 470, 35, 254, 110, 734, 572, 471, 714, 647, 520, 125, 306, 525, 142, 350, 9, 344, 615, 491, 161, 173, 715, 5, 468, 92, 338, 172, 610, 747, 554, 464, 620, 628, 137, 386, 120, 720, 579, 134, 656, 760, 664, 165, 282, 535, 356, 672, 95, 85, 122, 113, 497, 730, 654, 586, 129, 476, 177, 649, 605, 457, 632, 56, 7, 593, 309, 458, 752, 659, 166, 10, 128, 646, 357, 121, 311, 744, 485, 630, 663, 45, 732, 16, 459, 1, 387, 174, 310, 6, 665, 728, 408, 465, 360, 43, 634, 292, 751, 251, 397, 106, 126, 711, 737, 661, 708, 636, 723, 509, 156, 314, 469, 576, 454, 371, 660, 57, 548, 410, 263, 117, 757, 492, 175, 643, 595, 644, 143, 32, 653, 671, 498, 317, 115, 132, 2, 48, 584, 513, 592, 462, 724, 637, 328, 475, 754, 336, 463, 345, 15, 453, 631, 650, 626, 96, 38, 487, 80, 652, 100, 51, 619, 758, 467, 351, 674, 726, 639, 131, 716, 472, 13, 662, 84, 562, 163, 563, 39, 633, 321, 577, 738, 542, 86, 108, 181, 124, 598, 141, 305, 481, 748, 506, 346, 679, 733, 753, 651, 466


Alfa: 0.350000
Cobertura de Menor Custo: 734
Melhor Semente: 30
Vertices utilizados: 
675, 409, 429, 392, 238, 218, 404, 157, 64, 140, 532, 189, 168, 424, 567, 214, 160, 28, 302, 564, 74, 101, 279, 668, 704, 246, 600, 421, 221, 65, 275, 676, 416, 180, 187, 152, 602, 26, 603, 103, 681, 673, 34, 396, 430, 682, 67, 558, 703, 193, 60, 297, 413, 702, 219, 691, 604, 270, 411, 162, 71, 70, 37, 368, 591, 395, 226, 579, 90, 158, 426, 303, 679, 456, 685, 432, 420, 363, 239, 88, 687, 198, 182, 585, 191, 560, 36, 667, 376, 197, 552, 146, 578, 233, 455, 53, 288, 401, 415, 171, 692, 690, 225, 207, 298, 353, 242, 422, 405, 740, 427, 568, 669, 114, 208, 97, 247, 436, 407, 94, 87, 300, 393, 144, 557, 414, 76, 364, 597, 50, 431, 284, 403, 30, 700, 231, 213, 216, 623, 20, 375, 367, 167, 267, 230, 203, 566, 200, 217, 295, 173, 611, 49, 622, 257, 677, 147, 377, 417, 688, 433, 243, 148, 276, 202, 99, 423, 296, 333, 179, 23, 501, 696, 25, 605, 387, 82, 398, 44, 211, 223, 569, 514, 449, 693, 240, 154, 253, 136, 599, 712, 280, 670, 441, 523, 79, 166, 522, 419, 606, 63, 570, 727, 434, 159, 729, 684, 614, 594, 281, 504, 400, 438, 274, 107, 721, 29, 195, 452, 583, 326, 205, 178, 731, 199, 282, 358, 374, 227, 61, 477, 149, 176, 188, 510, 222, 31, 68, 382, 720, 135, 489, 62, 291, 237, 236, 294, 588, 512, 112, 425, 266, 497, 515, 46, 22, 164, 206, 248, 228, 42, 335, 338, 559, 165, 724, 123, 672, 529, 683, 735, 249, 104, 598, 545, 299, 245, 269, 47, 133, 75, 142, 244, 324, 93, 268, 35, 513, 21, 528, 183, 124, 719, 575, 536, 378, 524, 55, 153, 234, 91, 726, 89, 362, 98, 581, 6, 437, 718, 448, 439, 698, 503, 695, 389, 493, 139, 259, 41, 332, 256, 215, 224, 241, 518, 440, 596, 619, 418, 210, 478, 260, 526, 11, 278, 502, 553, 283, 370, 359, 304, 572, 69, 587, 428, 506, 177, 624, 169, 406, 495, 410, 289, 725, 150, 613, 450, 551, 384, 343, 482, 758, 170, 301, 209, 373, 77, 486, 78, 544, 616, 550, 722, 109, 476, 14, 391, 254, 155, 710, 699, 709, 707, 741, 342, 341, 255, 399, 443, 138, 517, 739, 252, 537, 106, 607, 194, 127, 186, 355, 747, 271, 143, 612, 562, 151, 590, 56, 327, 444, 307, 714, 250, 715, 102, 328, 4, 119, 181, 220, 608, 163, 539, 706, 635, 192, 717, 322, 593, 360, 349, 381, 365, 574, 485, 671, 175, 361, 66, 686, 658, 713, 666, 345, 52, 527, 487, 625, 172, 137, 232, 95, 491, 73, 561, 312, 131, 285, 757, 2, 601, 390, 511, 749, 507, 83, 446, 286, 24, 546, 554, 372, 72, 27, 618, 516, 609, 17, 445, 277, 122, 115, 660, 337, 531, 293, 505, 290, 369, 319, 325, 329, 500, 111, 471, 110, 58, 617, 204, 759, 380, 642, 646, 5, 331, 548, 366, 533, 40, 261, 638, 306, 650, 316, 580, 460, 549, 534, 408, 525, 648, 483, 383, 379, 746, 264, 51, 54, 354, 592, 565, 348, 508, 647, 134, 480, 273, 344, 347, 212, 314, 385, 287, 734, 235, 315, 540, 317, 547, 466, 697, 18, 45, 292, 701, 629, 573, 743, 388, 8, 33, 655, 311, 470, 318, 467, 640, 190, 309, 85, 12, 117, 520, 412, 538, 481, 498, 339, 265, 323, 459, 59, 457, 644, 130, 201, 474, 126, 662, 755, 80, 308, 742, 636, 586, 19, 732, 184, 657, 346, 631, 488, 10, 100, 121, 730, 454, 737, 659, 535, 185, 664, 113, 7, 472, 678, 751, 756, 81, 262, 442, 272, 595, 251, 57, 320, 723, 582, 108, 473, 653, 627, 628, 435, 542, 760, 156, 632, 229, 620, 663, 330, 705, 484, 258, 463, 15, 132, 509, 475, 9, 621, 654, 386, 116, 641, 39, 744, 125, 118, 634, 589, 340, 402, 350, 556, 310, 129, 752, 92, 630, 521, 356, 16, 120, 447, 610, 468, 465, 479, 728, 96, 394, 357, 649, 708, 711, 462, 637, 753, 371, 494, 651, 633, 86, 750, 733, 3, 321, 351, 145, 571, 656, 584, 555, 43, 748, 38, 519, 496, 461, 458, 543, 336, 665, 490, 161, 615, 643, 105, 680, 694, 453, 469, 128, 305, 541, 639, 48, 652, 716, 1, 196, 13, 576, 334, 754, 84, 263, 736


Tempo de Execuçao: 43.353587 s

Algoritmo Construtivo Guloso Randomizado Reativo
--- Descrição da Cobertura Mínimal em Custo de Vértices Ponderados ---

Alfa: 0.150000
Cobertura de Menor Custo: 730
Vertices utilizados: 
435, 560, 411, 393, 700, 61, 437, 238, 376, 431, 162, 368, 574, 296, 402, 591, 430, 404, 434, 154, 699, 166, 213, 300, 285, 171, 702, 553, 144, 532, 682, 691, 399, 608, 169, 75, 158, 207, 91, 134, 298, 283, 216, 217, 66, 426, 301, 37, 557, 208, 719, 239, 245, 221, 153, 698, 64, 178, 155, 243, 101, 73, 60, 284, 34, 267, 423, 696, 278, 246, 552, 227, 23, 82, 230, 364, 440, 299, 436, 170, 669, 367, 234, 400, 419, 150, 273, 291, 303, 74, 677, 524, 233, 203, 370, 152, 526, 293, 279, 206, 603, 26, 673, 684, 510, 87, 160, 585, 289, 71, 422, 666, 366, 63, 274, 427, 205, 114, 281, 199, 220, 247, 146, 164, 413, 304, 167, 375, 616, 222, 25, 241, 20, 414, 428, 202, 587, 429, 514, 266, 504, 189, 676, 142, 22, 270, 70, 424, 215, 147, 416, 110, 693, 302, 588, 379, 255, 403, 41, 54, 432, 704, 44, 412, 678, 507, 452, 516, 58, 398, 53, 703, 681, 579, 456, 94, 623, 564, 687, 415, 380, 722, 605, 260, 518, 396, 286, 97, 232, 219, 734, 104, 244, 701, 601, 421, 35, 622, 382, 228, 604, 569, 249, 332, 707, 363, 522, 252, 193, 712, 449, 425, 7, 191, 182, 378, 79, 210, 67, 349, 180, 214, 597, 89, 667, 24, 292, 231, 148, 583, 335, 512, 237, 297, 536, 240, 288, 618, 277, 159, 417, 680, 500, 280, 195, 223, 225, 275, 209, 176, 381, 113, 731, 211, 107, 268, 621, 264, 728, 503, 295, 269, 740, 218, 257, 685, 29, 315, 369, 372, 294, 455, 326, 529, 710, 418, 439, 307, 695, 236, 187, 161, 599, 355, 140, 735, 358, 478, 102, 235, 242, 446, 606, 93, 62, 224, 325, 337, 21, 391, 614, 330, 149, 407, 501, 276, 50, 530, 739, 151, 259, 729, 99, 568, 558, 55, 377, 76, 186, 686, 250, 261, 502, 486, 433, 713, 77, 590, 320, 515, 670, 596, 578, 353, 200, 135, 324, 600, 694, 688, 584, 36, 624, 565, 611, 613, 496, 327, 420, 727, 544, 201, 443, 537, 720, 287, 668, 595, 354, 489, 725, 546, 531, 157, 111, 362, 450, 365, 103, 194, 183, 508, 265, 718, 272, 483, 570, 573, 477, 342, 254, 717, 528, 11, 582, 350, 523, 540, 575, 498, 743, 566, 256, 441, 675, 401, 69, 323, 319, 476, 545, 394, 385, 27, 484, 124, 198, 42, 359, 567, 57, 594, 143, 690, 493, 336, 724, 581, 68, 340, 123, 692, 405, 190, 18, 612, 133, 226, 175, 306, 580, 674, 333, 447, 745, 543, 554, 138, 5, 517, 88, 43, 388, 638, 126, 127, 744, 390, 490, 85, 715, 192, 8, 360, 551, 49, 52, 495, 749, 721, 714, 90, 550, 647, 409, 445, 33, 460, 47, 136, 165, 617, 253, 30, 14, 525, 188, 83, 331, 589, 341, 109, 384, 491, 78, 548, 648, 410, 609, 706, 98, 19, 752, 46, 389, 271, 663, 119, 730, 374, 96, 311, 309, 658, 352, 521, 538, 130, 59, 559, 457, 395, 204, 248, 644, 329, 185, 485, 316, 116, 642, 539, 747, 179, 480, 438, 9, 458, 672, 473, 505, 310, 511, 344, 534, 174, 386, 488, 646, 92, 383, 31, 513, 463, 72, 751, 28, 741, 258, 125, 520, 17, 338, 620, 137, 65, 322, 755, 610, 592, 639, 373, 533, 664, 10, 81, 262, 442, 662, 108, 641, 347, 317, 472, 328, 750, 627, 357, 118, 6, 348, 760, 650, 492, 454, 629, 632, 711, 115, 12, 122, 156, 474, 759, 660, 464, 4, 697, 497, 482, 343, 318, 184, 746, 212, 45, 181, 197, 38, 139, 408, 535, 308, 572, 576, 471, 654, 737, 392, 339, 461, 635, 556, 593, 651, 709, 683, 625, 479, 106, 549, 290, 86, 637, 547, 120, 634, 312, 659, 758, 453, 462, 653, 40, 121, 598, 321, 16, 466, 1, 39, 100, 371, 2, 173, 32, 468, 628, 561, 470, 602, 631, 361, 757, 448, 397, 656, 562, 132, 671, 509, 726, 636, 48, 665, 351, 172, 742, 15, 251, 723, 56, 345, 577, 633, 467, 657, 95, 145, 754, 444, 459, 163, 129, 615, 313, 733, 506, 128, 527, 716, 177, 465, 563, 748, 652, 3, 643, 168, 112, 356, 481, 305, 80, 626, 541, 586, 630, 736, 555, 131, 655, 475, 494, 645, 451, 705, 732, 756, 649


Tempo de Execuçao: 98.098834 s

