Trabalho de Grafos
Autor: Helder Linhares Bertoldo dos Reis
Matrícula: 201465555A


- Análise do Grafo -

Número de Vértices: 945
Número de Arestas: 59186



Algoritmo Construtivo Guloso
Cobertura de Menor Custo: 913
Vertices Utilizados: 
550, 556, 704, 498, 565, 801, 566, 915, 173, 567, 553, 706, 172, 491, 563, 492, 186, 823, 547, 80, 502, 555, 183, 560, 712, 253, 677, 914, 64, 549, 177, 352, 911, 75, 738, 561, 696, 185, 84, 357, 559, 280, 485, 490, 558, 745, 818, 837, 81, 684, 557, 713, 189, 272, 552, 328, 569, 702, 740, 78, 673, 753, 905, 171, 931, 349, 611, 707, 754, 816, 501, 605, 82, 188, 554, 698, 750, 267, 573, 278, 584, 714, 908, 619, 814, 631, 687, 930, 66, 643, 695, 752, 494, 817, 925, 564, 179, 265, 600, 629, 633, 682, 69, 382, 576, 645, 323, 348, 428, 909, 181, 355, 257, 618, 936, 497, 644, 678, 703, 748, 940, 327, 575, 800, 71, 430, 751, 815, 79, 484, 548, 602, 697, 176, 258, 676, 166, 404, 568, 283, 499, 592, 819, 515, 636, 821, 333, 351, 609, 685, 831, 907, 467, 517, 651, 808, 65, 178, 279, 585, 594, 70, 472, 562, 588, 649, 691, 293, 413, 820, 73, 514, 595, 692, 474, 500, 625, 772, 813, 826, 326, 338, 599, 650, 934, 77, 148, 344, 674, 747, 481, 486, 710, 913, 282, 516, 579, 622, 635, 941, 331, 705, 846, 230, 332, 350, 424, 506, 598, 612, 853, 287, 394, 480, 570, 624, 640, 805, 335, 943, 83, 465, 571, 601, 680, 737, 810, 918, 164, 427, 292, 476, 487, 541, 812, 832, 72, 416, 482, 578, 638, 285, 583, 591, 694, 68, 354, 606, 626, 647, 842, 945, 806, 159, 316, 504, 632, 67, 227, 353, 468, 593, 627, 756, 274, 389, 513, 581, 641, 690, 708, 834, 933, 154, 469, 621, 804, 120, 405, 589, 811, 845, 264, 524, 597, 616, 642, 938, 85, 118, 860, 174, 215, 339, 617, 124, 403, 525, 590, 648, 699, 840, 858, 928, 286, 464, 574, 106, 496, 508, 533, 646, 689, 781, 437, 604, 822, 151, 340, 384, 580, 615, 55, 98, 342, 408, 519, 608, 709, 807, 921, 157, 688, 841, 76, 115, 312, 341, 414, 786, 511, 596, 637, 932, 93, 299, 380, 526, 56, 303, 337, 420, 607, 741, 937, 96, 488, 634, 855, 939, 74, 212, 422, 799, 859, 942, 290, 325, 505, 763, 827, 125, 259, 396, 529, 693, 700, 843, 879, 479, 586, 613, 639, 766, 809, 87, 276, 329, 434, 510, 683, 866, 168, 218, 446, 184, 345, 388, 572, 630, 851, 917, 134, 310, 324, 483, 507, 603, 686, 857, 167, 291, 495, 711, 739, 785, 86, 302, 582, 104, 126, 228, 268, 288, 407, 802, 874, 294, 385, 438, 478, 521, 926, 239, 308, 614, 849, 92, 107, 213, 410, 746, 113, 169, 266, 343, 542, 610, 116, 305, 397, 409, 431, 847, 284, 463, 577, 776, 787, 59, 222, 356, 60, 330, 432, 871, 892, 2, 99, 143, 260, 313, 489, 512, 749, 765, 383, 448, 803, 54, 150, 406, 433, 458, 493, 536, 777, 828, 893, 551, 848, 88, 111, 161, 392, 450, 628, 681, 944, 119, 133, 211, 269, 315, 426, 736, 861, 58, 100, 233, 545, 117, 223, 587, 844, 888, 195, 277, 296, 321, 759, 825, 927, 103, 109, 131, 289, 346, 399, 411, 447, 145, 149, 226, 250, 270, 322, 453, 679, 153, 193, 539, 755, 201, 306, 425, 449, 623, 882, 3, 170, 395, 503, 535, 660, 742, 764, 49, 94, 142, 263, 311, 419, 520, 620, 790, 852, 318, 795, 13, 219, 421, 456, 716, 912, 182, 247, 460, 671, 767, 877, 114, 165, 199, 214, 248, 262, 401, 522, 701, 44, 175, 217, 435, 730, 770, 6, 197, 229, 297, 436, 445, 838, 127, 235, 255, 415, 452, 792, 868, 898, 14, 63, 146, 470, 653, 839, 935, 102, 190, 241, 307, 320, 398, 477, 669, 870, 11, 163, 246, 261, 367, 540, 732, 105, 128, 393, 662, 791, 46, 156, 196, 364, 461, 527, 734, 884, 7, 35, 240, 298, 375, 661, 743, 775, 904, 36, 50, 122, 205, 400, 722, 833, 906, 20, 37, 160, 237, 281, 454, 731, 854, 883, 89, 203, 224, 238, 387, 402, 528, 774, 865, 890, 33, 121, 135, 209, 373, 473, 534, 652, 869, 901, 21, 42, 45, 273, 727, 768, 778, 141, 245, 362, 423, 546, 735, 894, 27, 53, 90, 654, 761, 783, 850, 878, 902, 1, 38, 225, 361, 418, 658, 726, 4, 43, 191, 378, 442, 509, 788, 9, 31, 187, 192, 242, 439, 659, 675, 717, 923, 12, 32, 129, 162, 200, 251, 359, 451, 664, 771, 782, 836, 863, 887, 47, 123, 147, 271, 667, 728, 889, 26, 101, 208, 220, 234, 365, 537, 793, 875, 891, 924, 34, 52, 136, 155, 720, 876, 17, 39, 138, 243, 363, 471, 543, 665, 723, 779, 897, 110, 202, 221, 301, 370, 729, 784, 830, 19, 24, 236, 372, 390, 455, 762, 798, 856, 880, 899, 910, 97, 207, 231, 374, 429, 532, 18, 25, 51, 130, 232, 376, 441, 459, 544, 668, 718, 862, 895, 28, 132, 314, 381, 733, 794, 920, 41, 95, 108, 206, 252, 319, 368, 538, 655, 757, 896, 15, 61, 295, 369, 462, 656, 725, 769, 835, 864, 916, 16, 140, 204, 256, 304, 377, 417, 663, 780, 900, 22, 57, 336, 391, 523, 670, 719, 760, 797, 903, 5, 23, 91, 139, 194, 358, 443, 531, 721, 867, 922, 10, 29, 158, 249, 360, 466, 657, 773, 872, 30, 48, 137, 198, 300, 317, 366, 379, 444, 475, 666, 715, 789, 824, 873, 885
Tempo de Execuçao: 0.724230 s


Algoritmo Construtivo Guloso Randomizado
--- Descrição da Cobertura Mínimal em Custo de Vértices Ponderados ---

Alfa: 0.150000
Cobertura de Menor Custo: 915
Melhor Semente: 11
Vertices utilizados: 
71, 916, 827, 553, 73, 561, 556, 344, 753, 573, 280, 738, 680, 278, 708, 178, 75, 714, 823, 185, 904, 80, 682, 694, 908, 713, 913, 808, 910, 176, 558, 677, 282, 82, 328, 685, 925, 711, 287, 547, 501, 496, 552, 698, 754, 563, 254, 710, 605, 430, 257, 557, 175, 706, 801, 491, 748, 619, 576, 921, 493, 936, 707, 549, 555, 348, 69, 172, 818, 84, 65, 909, 562, 644, 171, 600, 800, 816, 772, 488, 500, 567, 487, 745, 702, 930, 911, 915, 554, 645, 293, 565, 338, 517, 77, 72, 333, 643, 188, 170, 498, 484, 164, 255, 264, 569, 404, 177, 181, 616, 502, 697, 548, 651, 357, 837, 269, 817, 594, 568, 695, 564, 349, 148, 326, 582, 416, 907, 541, 751, 499, 588, 78, 598, 741, 747, 939, 933, 914, 905, 253, 705, 513, 353, 492, 821, 704, 154, 676, 595, 265, 750, 323, 618, 327, 560, 692, 834, 918, 932, 756, 267, 579, 380, 621, 810, 503, 615, 283, 424, 611, 166, 687, 550, 428, 481, 635, 465, 812, 609, 351, 584, 352, 286, 325, 636, 622, 922, 495, 514, 601, 490, 752, 690, 279, 70, 68, 928, 285, 826, 673, 740, 804, 521, 354, 469, 688, 678, 551, 408, 189, 182, 566, 602, 938, 173, 270, 593, 646, 405, 168, 650, 649, 159, 276, 624, 814, 179, 590, 684, 943, 124, 575, 592, 703, 633, 709, 150, 272, 389, 811, 184, 559, 79, 511, 941, 533, 648, 467, 339, 480, 472, 571, 516, 632, 486, 474, 337, 510, 806, 157, 578, 384, 623, 647, 786, 85, 606, 413, 316, 321, 482, 437, 781, 385, 574, 81, 288, 749, 218, 64, 118, 625, 134, 397, 629, 324, 642, 931, 589, 815, 581, 607, 882, 787, 700, 524, 494, 689, 43, 526, 674, 832, 303, 497, 332, 350, 839, 335, 340, 755, 604, 153, 120, 813, 67, 106, 940, 259, 580, 917, 851, 394, 637, 583, 858, 617, 87, 392, 570, 431, 525, 712, 675, 866, 842, 215, 506, 320, 585, 691, 92, 591, 849, 807, 696, 693, 485, 111, 879, 308, 746, 626, 433, 809, 640, 115, 274, 312, 596, 382, 161, 489, 345, 174, 478, 612, 103, 448, 840, 331, 841, 820, 422, 213, 464, 329, 926, 898, 434, 341, 66, 630, 608, 383, 805, 403, 228, 468, 94, 396, 512, 76, 855, 299, 641, 453, 227, 529, 291, 825, 505, 277, 577, 212, 765, 151, 398, 853, 603, 613, 767, 631, 86, 186, 597, 55, 859, 742, 346, 686, 476, 406, 294, 857, 417, 100, 739, 229, 945, 639, 736, 125, 183, 268, 934, 119, 414, 799, 330, 297, 572, 336, 937, 310, 113, 770, 266, 785, 699, 356, 446, 463, 343, 56, 638, 407, 507, 133, 844, 107, 852, 96, 627, 868, 135, 226, 432, 802, 230, 458, 193, 342, 13, 195, 102, 509, 239, 874, 302, 519, 848, 660, 438, 126, 305, 222, 292, 243, 420, 843, 479, 445, 355, 313, 833, 98, 162, 803, 758, 860, 421, 83, 614, 536, 515, 586, 893, 763, 58, 819, 522, 599, 315, 447, 683, 290, 99, 2, 167, 679, 127, 425, 792, 620, 944, 587, 109, 262, 260, 231, 411, 776, 388, 426, 53, 395, 523, 59, 452, 520, 847, 284, 306, 258, 864, 449, 190, 131, 409, 203, 50, 777, 318, 546, 768, 795, 450, 542, 11, 219, 865, 845, 196, 456, 681, 838, 504, 211, 214, 935, 822, 716, 653, 869, 628, 12, 145, 846, 93, 236, 197, 671, 701, 165, 233, 471, 790, 717, 387, 415, 871, 169, 246, 14, 296, 223, 877, 737, 942, 143, 378, 460, 477, 927, 784, 4, 483, 261, 442, 831, 545, 322, 52, 427, 114, 122, 142, 530, 669, 248, 766, 662, 220, 720, 535, 888, 634, 21, 361, 902, 60, 861, 423, 202, 275, 49, 457, 74, 759, 435, 543, 160, 105, 116, 201, 37, 7, 149, 732, 735, 147, 774, 410, 441, 163, 518, 121, 234, 241, 890, 539, 399, 26, 744, 235, 205, 33, 180, 373, 461, 402, 923, 544, 610, 3, 663, 314, 365, 418, 436, 884, 793, 20, 733, 828, 875, 850, 39, 892, 225, 856, 289, 35, 654, 117, 146, 38, 762, 652, 920, 863, 718, 42, 237, 198, 870, 242, 200, 374, 883, 455, 298, 730, 90, 659, 854, 311, 783, 44, 761, 9, 32, 63, 368, 317, 273, 128, 906, 727, 363, 836, 470, 664, 217, 129, 540, 798, 123, 101, 250, 31, 15, 721, 104, 791, 401, 110, 367, 27, 364, 393, 224, 45, 300, 734, 251, 199, 900, 897, 137, 443, 878, 667, 780, 764, 775, 891, 527, 347, 6, 369, 141, 724, 24, 899, 47, 34, 665, 307, 89, 370, 209, 54, 204, 722, 1, 661, 249, 454, 271, 375, 48, 400, 221, 208, 377, 508, 429, 885, 475, 726, 238, 419, 36, 19, 295, 391, 876, 376, 658, 886, 797, 304, 534, 144, 362, 5, 138, 46, 666, 924, 779, 194, 903, 29, 30, 155, 731, 244, 782, 880, 829, 672, 715, 25, 210, 232, 281, 451, 725, 889, 17, 788, 57, 91, 41, 158, 773, 466, 359, 207, 657, 459, 862, 532, 912, 895, 132, 757, 247, 796, 245, 381, 729, 263, 140, 62, 537, 8, 191, 366, 371, 97, 760, 896, 22, 867, 655, 88, 528, 319, 130, 108, 794, 18, 240, 728, 872, 390, 23, 835, 358, 439, 309, 462, 531, 668, 894, 379, 139, 16, 830, 40, 51, 206, 152, 156, 372, 723, 771, 789, 656, 881, 887


Alfa: 0.250000
Cobertura de Menor Custo: 915
Melhor Semente: 5
Vertices utilizados: 
772, 636, 495, 184, 513, 66, 907, 547, 558, 633, 621, 166, 553, 698, 557, 188, 548, 687, 811, 254, 565, 584, 697, 918, 940, 703, 351, 748, 702, 685, 815, 345, 185, 516, 700, 921, 65, 817, 678, 745, 502, 79, 353, 904, 680, 800, 552, 268, 173, 705, 382, 258, 585, 573, 941, 293, 514, 496, 676, 712, 560, 278, 487, 273, 181, 618, 69, 566, 567, 78, 675, 517, 320, 92, 74, 754, 682, 563, 556, 818, 813, 624, 76, 913, 831, 559, 711, 643, 180, 555, 690, 67, 824, 257, 650, 605, 710, 338, 704, 905, 283, 922, 335, 83, 925, 183, 914, 286, 350, 316, 600, 159, 179, 554, 616, 413, 713, 467, 277, 599, 172, 189, 323, 255, 150, 164, 588, 647, 926, 746, 911, 617, 594, 383, 570, 737, 756, 171, 403, 120, 575, 71, 696, 500, 422, 615, 290, 708, 741, 380, 182, 425, 805, 574, 525, 706, 404, 504, 272, 70, 936, 673, 611, 933, 801, 551, 626, 622, 497, 357, 341, 749, 568, 518, 482, 943, 405, 280, 908, 68, 838, 561, 416, 739, 932, 493, 529, 415, 819, 651, 934, 603, 684, 549, 589, 595, 853, 423, 264, 490, 279, 433, 814, 262, 265, 352, 492, 607, 384, 428, 635, 709, 389, 215, 424, 576, 515, 176, 486, 169, 942, 75, 606, 596, 677, 834, 170, 695, 484, 755, 291, 564, 812, 846, 408, 331, 619, 80, 302, 84, 542, 833, 469, 601, 738, 623, 691, 125, 85, 154, 289, 227, 753, 845, 167, 694, 593, 604, 481, 602, 917, 503, 340, 930, 228, 327, 72, 858, 406, 285, 945, 259, 64, 395, 501, 581, 750, 151, 931, 637, 498, 820, 396, 826, 218, 153, 550, 804, 56, 641, 348, 639, 874, 355, 807, 597, 111, 519, 808, 777, 177, 752, 230, 414, 630, 106, 186, 915, 266, 267, 222, 629, 339, 590, 521, 472, 747, 155, 609, 511, 333, 499, 53, 928, 468, 613, 303, 577, 827, 707, 104, 699, 81, 98, 632, 274, 645, 843, 409, 54, 592, 627, 938, 113, 642, 798, 354, 837, 118, 417, 766, 247, 803, 73, 402, 412, 342, 580, 586, 508, 693, 134, 407, 494, 614, 683, 392, 434, 394, 226, 55, 786, 99, 898, 608, 533, 149, 119, 100, 510, 569, 483, 640, 102, 349, 840, 420, 909, 852, 848, 124, 785, 480, 648, 598, 857, 740, 174, 284, 489, 937, 337, 689, 116, 410, 96, 582, 328, 464, 821, 787, 776, 385, 315, 465, 305, 325, 430, 488, 148, 631, 536, 239, 298, 297, 842, 939, 562, 253, 448, 841, 681, 799, 397, 832, 692, 507, 212, 115, 82, 310, 591, 356, 269, 572, 157, 219, 526, 856, 736, 243, 474, 583, 234, 288, 835, 686, 109, 541, 823, 443, 634, 446, 161, 163, 860, 816, 225, 545, 133, 437, 300, 844, 538, 674, 742, 246, 343, 662, 806, 859, 781, 250, 620, 299, 231, 612, 322, 213, 571, 130, 485, 520, 751, 178, 103, 491, 462, 175, 117, 825, 11, 313, 321, 714, 847, 418, 539, 195, 131, 809, 427, 143, 204, 94, 649, 400, 445, 765, 110, 849, 399, 855, 236, 312, 311, 644, 105, 235, 263, 810, 587, 123, 458, 435, 388, 187, 57, 101, 872, 2, 653, 276, 203, 935, 138, 86, 211, 344, 63, 610, 49, 763, 522, 168, 270, 419, 463, 326, 479, 882, 77, 912, 476, 209, 165, 308, 784, 893, 864, 431, 346, 46, 671, 679, 543, 205, 701, 646, 242, 196, 625, 122, 628, 788, 451, 282, 865, 540, 364, 851, 866, 762, 128, 224, 460, 442, 879, 861, 21, 944, 3, 715, 145, 347, 107, 126, 505, 535, 720, 506, 421, 38, 199, 401, 93, 665, 135, 478, 232, 456, 782, 453, 660, 296, 223, 201, 436, 233, 37, 192, 146, 688, 31, 18, 452, 871, 473, 426, 744, 722, 802, 774, 863, 901, 127, 411, 850, 447, 88, 4, 878, 12, 652, 193, 158, 33, 156, 373, 32, 114, 888, 449, 330, 470, 292, 717, 906, 733, 214, 795, 332, 58, 743, 281, 229, 716, 764, 304, 438, 294, 770, 669, 43, 638, 387, 25, 759, 870, 241, 367, 245, 899, 44, 477, 136, 42, 830, 718, 869, 7, 783, 916, 20, 240, 661, 26, 359, 287, 729, 867, 440, 897, 790, 160, 895, 200, 217, 779, 87, 365, 108, 450, 60, 271, 578, 761, 892, 884, 14, 62, 208, 358, 530, 6, 725, 381, 375, 34, 301, 144, 579, 39, 461, 666, 378, 89, 532, 334, 256, 202, 249, 667, 822, 726, 894, 24, 50, 15, 927, 654, 509, 362, 775, 59, 527, 902, 796, 727, 393, 523, 10, 27, 361, 797, 778, 137, 658, 52, 659, 191, 162, 887, 723, 207, 544, 13, 836, 376, 760, 30, 873, 524, 730, 454, 141, 251, 794, 261, 531, 190, 757, 336, 657, 883, 793, 309, 924, 216, 28, 370, 672, 876, 891, 142, 329, 829, 252, 881, 791, 512, 459, 324, 875, 40, 97, 670, 139, 306, 8, 369, 735, 9, 221, 769, 534, 441, 360, 721, 48, 206, 780, 95, 391, 923, 886, 868, 768, 41, 319, 903, 248, 197, 546, 51, 17, 23, 890, 363, 377, 318, 656, 731, 1, 877, 36, 5, 466, 439, 889, 307, 471, 237, 194, 368, 719, 457, 140, 129, 839, 61, 655, 374, 664, 792, 767, 732, 314, 828, 386, 121, 147, 885, 238, 366, 920, 47, 379, 35, 724, 152, 900, 455, 537, 919, 19, 91, 210, 771, 371, 398, 429, 22, 663, 668, 880, 910, 260, 728, 29, 112, 45, 132, 90, 773


Alfa: 0.350000
Cobertura de Menor Custo: 920
Melhor Semente: 11
Vertices utilizados: 
65, 821, 816, 430, 66, 584, 64, 416, 281, 819, 690, 272, 930, 328, 183, 837, 588, 622, 754, 646, 747, 621, 524, 552, 256, 258, 813, 408, 648, 609, 172, 688, 292, 618, 166, 703, 581, 157, 812, 175, 615, 352, 285, 612, 493, 616, 939, 685, 345, 692, 585, 230, 398, 709, 405, 485, 714, 338, 92, 180, 931, 507, 559, 941, 592, 633, 333, 277, 810, 189, 748, 488, 486, 186, 504, 807, 922, 74, 738, 80, 409, 645, 699, 752, 547, 710, 936, 283, 643, 81, 698, 713, 625, 563, 188, 566, 178, 99, 268, 437, 769, 394, 498, 909, 293, 704, 382, 689, 560, 647, 77, 514, 702, 389, 106, 741, 712, 335, 558, 70, 644, 533, 611, 600, 599, 691, 320, 925, 740, 944, 564, 267, 159, 550, 820, 325, 904, 642, 348, 72, 683, 601, 595, 591, 574, 316, 349, 68, 635, 945, 67, 420, 324, 571, 561, 745, 565, 638, 811, 815, 937, 835, 502, 700, 120, 679, 696, 397, 589, 915, 684, 278, 273, 551, 838, 164, 134, 831, 284, 529, 626, 465, 79, 605, 497, 495, 805, 282, 629, 396, 513, 694, 481, 177, 617, 148, 425, 542, 341, 934, 926, 817, 840, 775, 414, 597, 480, 855, 331, 503, 613, 82, 154, 569, 832, 746, 921, 510, 56, 673, 593, 85, 706, 254, 125, 631, 227, 482, 469, 308, 499, 557, 680, 487, 119, 579, 766, 576, 515, 806, 404, 484, 682, 149, 736, 572, 606, 707, 674, 467, 501, 489, 751, 693, 422, 280, 602, 803, 917, 907, 908, 380, 276, 179, 841, 171, 697, 772, 582, 69, 344, 640, 260, 826, 845, 347, 916, 261, 355, 804, 428, 257, 291, 403, 943, 218, 918, 784, 660, 353, 750, 203, 522, 339, 539, 568, 603, 354, 913, 337, 290, 117, 71, 182, 641, 464, 150, 168, 686, 511, 596, 567, 351, 851, 286, 296, 739, 521, 402, 434, 553, 321, 786, 73, 701, 639, 681, 743, 749, 824, 86, 124, 229, 163, 213, 491, 440, 266, 506, 433, 859, 228, 866, 649, 312, 173, 59, 384, 327, 879, 55, 940, 800, 509, 102, 753, 332, 687, 827, 269, 554, 556, 914, 737, 185, 87, 463, 410, 170, 787, 111, 357, 822, 315, 84, 853, 528, 842, 94, 541, 857, 426, 802, 474, 115, 761, 814, 849, 530, 299, 478, 919, 253, 449, 288, 846, 776, 604, 496, 336, 927, 350, 570, 516, 167, 490, 326, 630, 215, 313, 763, 407, 76, 181, 340, 861, 676, 58, 423, 78, 923, 222, 483, 628, 678, 523, 860, 607, 100, 562, 705, 636, 500, 933, 445, 236, 279, 677, 431, 614, 942, 494, 211, 580, 852, 201, 259, 906, 342, 532, 427, 476, 781, 834, 755, 856, 785, 83, 388, 153, 818, 801, 634, 329, 107, 346, 127, 619, 932, 392, 174, 399, 418, 874, 928, 304, 823, 143, 243, 305, 205, 448, 901, 708, 226, 96, 546, 893, 447, 16, 130, 468, 306, 439, 869, 307, 458, 577, 878, 583, 594, 133, 3, 241, 453, 590, 850, 275, 62, 765, 586, 492, 587, 847, 778, 192, 695, 413, 176, 624, 452, 93, 549, 844, 722, 195, 104, 60, 454, 246, 112, 225, 854, 297, 383, 667, 742, 270, 555, 419, 536, 479, 138, 193, 882, 767, 169, 935, 264, 37, 892, 799, 240, 653, 190, 122, 151, 323, 274, 123, 424, 217, 456, 235, 543, 938, 505, 364, 400, 294, 212, 661, 517, 13, 391, 98, 650, 829, 126, 711, 39, 871, 197, 250, 19, 142, 716, 535, 233, 730, 46, 109, 777, 472, 387, 15, 32, 808, 415, 255, 356, 768, 890, 608, 858, 460, 421, 520, 627, 911, 459, 632, 245, 540, 330, 666, 833, 620, 436, 121, 461, 12, 598, 662, 295, 867, 783, 864, 794, 470, 411, 637, 659, 232, 877, 242, 147, 725, 406, 381, 385, 165, 544, 224, 45, 393, 152, 671, 239, 435, 35, 8, 310, 525, 868, 311, 898, 623, 36, 375, 156, 770, 669, 223, 442, 575, 105, 57, 206, 889, 732, 43, 883, 370, 50, 441, 289, 247, 534, 733, 90, 764, 774, 836, 10, 184, 651, 322, 519, 18, 199, 140, 451, 377, 886, 113, 675, 876, 578, 839, 6, 450, 788, 118, 88, 395, 658, 7, 33, 412, 373, 527, 38, 116, 160, 731, 723, 53, 29, 194, 473, 790, 131, 884, 719, 301, 17, 792, 756, 359, 372, 899, 27, 657, 300, 782, 865, 49, 237, 376, 573, 910, 271, 204, 263, 903, 548, 221, 145, 477, 89, 26, 191, 735, 31, 141, 302, 848, 446, 512, 132, 44, 378, 52, 365, 721, 5, 843, 863, 144, 796, 103, 438, 656, 610, 158, 726, 128, 724, 129, 875, 202, 219, 897, 252, 23, 161, 251, 319, 41, 367, 386, 97, 902, 20, 262, 114, 809, 744, 793, 208, 538, 718, 343, 828, 75, 771, 198, 545, 11, 668, 663, 42, 717, 457, 795, 303, 298, 508, 34, 762, 759, 727, 362, 885, 720, 432, 4, 238, 798, 361, 758, 265, 920, 881, 652, 220, 358, 51, 9, 887, 912, 196, 789, 888, 234, 334, 791, 48, 24, 25, 135, 200, 891, 466, 366, 655, 830, 757, 95, 110, 1, 318, 734, 162, 137, 872, 363, 895, 537, 61, 665, 209, 374, 108, 401, 249, 873, 2, 664, 417, 314, 146, 443, 371, 369, 54, 187, 670, 870, 155, 30, 248, 91, 471, 40, 207, 444, 797, 139, 900, 22, 368, 526, 231, 654, 729, 760, 21, 47, 216, 379, 780, 462, 905, 896, 728, 14, 28, 63, 210, 214, 287, 136, 518, 360, 880


Tempo de Execuçao: 67.615831 s

Algoritmo Construtivo Guloso Randomizado Reativo
--- Descrição da Cobertura Mínimal em Custo de Vértices Ponderados ---

Alfa: 0.050000
Cobertura de Menor Custo: 913
Vertices utilizados: 
563, 280, 696, 559, 491, 75, 673, 565, 78, 713, 547, 177, 557, 173, 84, 801, 712, 823, 917, 188, 698, 684, 567, 915, 549, 561, 682, 560, 914, 911, 818, 555, 745, 553, 704, 349, 186, 352, 272, 485, 573, 837, 71, 707, 753, 706, 64, 278, 382, 265, 189, 556, 348, 80, 905, 680, 566, 328, 738, 611, 930, 82, 81, 703, 564, 181, 740, 619, 267, 498, 605, 501, 816, 558, 554, 355, 185, 253, 569, 484, 172, 643, 800, 490, 748, 184, 357, 430, 69, 754, 931, 494, 333, 909, 171, 584, 692, 751, 808, 695, 677, 714, 179, 940, 907, 817, 649, 323, 502, 702, 913, 602, 925, 282, 629, 552, 550, 588, 79, 499, 815, 645, 492, 908, 66, 752, 568, 585, 633, 562, 497, 747, 592, 814, 174, 772, 576, 467, 678, 932, 826, 183, 428, 283, 609, 636, 487, 351, 594, 618, 685, 488, 321, 65, 831, 644, 481, 515, 425, 548, 474, 148, 178, 336, 750, 697, 166, 676, 279, 350, 331, 918, 255, 691, 599, 674, 819, 500, 835, 820, 404, 928, 325, 176, 575, 595, 941, 326, 813, 521, 77, 621, 68, 756, 151, 821, 631, 612, 73, 516, 327, 517, 472, 389, 380, 827, 882, 650, 482, 583, 287, 339, 154, 320, 541, 943, 936, 394, 710, 651, 503, 159, 600, 846, 469, 274, 124, 486, 427, 632, 335, 413, 687, 578, 264, 579, 934, 533, 338, 694, 690, 496, 434, 506, 344, 514, 591, 640, 85, 853, 601, 292, 812, 638, 465, 257, 72, 230, 737, 945, 416, 581, 332, 705, 622, 617, 293, 354, 571, 606, 626, 259, 806, 741, 286, 635, 593, 810, 842, 83, 624, 604, 464, 582, 625, 933, 299, 615, 805, 646, 218, 845, 67, 424, 405, 811, 642, 590, 227, 353, 597, 118, 215, 480, 397, 570, 285, 468, 860, 262, 70, 647, 342, 98, 525, 403, 648, 511, 858, 524, 689, 938, 508, 574, 276, 699, 115, 316, 93, 55, 513, 807, 437, 598, 157, 168, 613, 340, 786, 608, 384, 164, 341, 476, 303, 312, 942, 841, 709, 637, 834, 879, 489, 396, 739, 787, 693, 589, 832, 822, 809, 688, 76, 937, 414, 711, 345, 106, 683, 580, 310, 641, 859, 453, 627, 87, 840, 239, 388, 290, 639, 134, 463, 616, 799, 708, 483, 96, 111, 212, 478, 634, 763, 596, 607, 519, 802, 939, 849, 113, 446, 512, 572, 167, 107, 291, 495, 843, 288, 408, 921, 766, 855, 409, 926, 804, 308, 749, 686, 781, 120, 268, 74, 857, 43, 529, 86, 383, 423, 603, 630, 337, 109, 422, 803, 213, 505, 60, 847, 742, 839, 324, 551, 866, 420, 58, 892, 851, 305, 222, 479, 104, 586, 507, 302, 356, 56, 407, 770, 746, 874, 228, 125, 410, 765, 536, 776, 458, 126, 103, 226, 510, 313, 628, 277, 700, 289, 294, 193, 296, 577, 99, 431, 433, 848, 477, 343, 679, 92, 217, 266, 520, 385, 614, 59, 861, 893, 777, 143, 785, 322, 182, 14, 2, 284, 94, 438, 610, 392, 888, 54, 470, 150, 844, 329, 205, 447, 871, 133, 504, 493, 927, 432, 100, 542, 523, 119, 755, 195, 131, 330, 767, 13, 116, 258, 203, 923, 460, 734, 161, 395, 318, 898, 399, 445, 223, 448, 449, 716, 175, 149, 661, 138, 7, 759, 743, 833, 671, 311, 346, 461, 736, 270, 436, 269, 865, 145, 922, 869, 53, 701, 44, 229, 201, 471, 864, 411, 795, 660, 233, 197, 419, 587, 852, 20, 165, 298, 170, 225, 522, 250, 530, 163, 297, 775, 774, 456, 426, 224, 539, 117, 435, 681, 398, 825, 196, 240, 450, 263, 261, 731, 872, 662, 211, 281, 135, 792, 247, 730, 623, 856, 128, 127, 46, 452, 904, 105, 32, 300, 877, 49, 214, 11, 190, 156, 415, 3, 421, 675, 454, 114, 540, 37, 534, 455, 202, 878, 199, 241, 901, 364, 912, 652, 793, 790, 50, 42, 142, 18, 38, 720, 473, 235, 402, 666, 314, 669, 894, 89, 729, 362, 169, 375, 243, 653, 231, 543, 10, 883, 884, 33, 723, 256, 90, 63, 762, 209, 526, 387, 442, 722, 146, 378, 401, 935, 238, 31, 121, 158, 779, 659, 890, 36, 101, 160, 870, 236, 219, 717, 429, 204, 359, 4, 902, 52, 192, 315, 162, 527, 237, 406, 768, 828, 147, 373, 252, 735, 532, 764, 798, 783, 35, 365, 304, 665, 27, 441, 836, 122, 899, 916, 144, 393, 200, 246, 374, 459, 728, 102, 6, 538, 123, 25, 245, 658, 715, 400, 295, 761, 924, 5, 791, 906, 30, 897, 862, 136, 418, 361, 57, 758, 208, 850, 725, 654, 880, 110, 778, 537, 34, 97, 271, 358, 672, 780, 1, 895, 187, 242, 249, 371, 451, 141, 889, 718, 155, 9, 39, 372, 509, 788, 129, 28, 664, 868, 194, 17, 376, 254, 45, 760, 544, 873, 726, 26, 95, 896, 153, 15, 377, 667, 528, 390, 824, 796, 903, 108, 782, 830, 663, 944, 19, 910, 88, 137, 191, 48, 244, 309, 727, 784, 875, 29, 891, 367, 51, 221, 234, 140, 41, 545, 381, 670, 733, 886, 757, 61, 198, 12, 360, 251, 462, 439, 863, 130, 220, 180, 307, 732, 317, 207, 363, 546, 655, 771, 876, 22, 838, 275, 366, 379, 334, 443, 657, 466, 721, 885, 8, 23, 206, 260, 306, 369, 391, 412, 769, 794, 829, 881, 919, 900, 21, 40, 47, 132, 232, 368, 444, 531, 656, 719, 789, 920


Tempo de Execuçao: 153.119101 s

