Trabalho de Grafos
Autor: Helder Linhares Bertoldo dos Reis
Matrícula: 201465555A


- Análise do Grafo -

Número de Vértices: 1534
Número de Arestas: 126082



Algoritmo Construtivo Guloso
Cobertura de Menor Custo: 1501
Vertices Utilizados: 
977, 964, 966, 1301, 1302, 1308, 978, 985, 725, 1325, 646, 706, 1318, 971, 1316, 629, 704, 1324, 711, 984, 1320, 1304, 988, 1226, 1327, 535, 718, 1229, 499, 974, 528, 498, 627, 986, 1352, 1306, 970, 1331, 728, 983, 1343, 1305, 640, 981, 1340, 534, 726, 1312, 2, 497, 1345, 505, 703, 1348, 526, 1317, 527, 1349, 455, 975, 631, 541, 633, 987, 1330, 707, 1022, 238, 967, 496, 538, 716, 999, 1225, 1389, 727, 973, 1337, 444, 510, 1003, 1321, 290, 516, 521, 713, 260, 720, 963, 1032, 523, 1244, 1350, 532, 1019, 709, 969, 1314, 1338, 508, 545, 712, 1238, 24, 515, 626, 951, 1342, 738, 1021, 1242, 1319, 513, 530, 68, 868, 1223, 1329, 1384, 78, 501, 540, 705, 968, 1013, 443, 1018, 1235, 1335, 715, 1323, 1339, 1484, 637, 956, 67, 257, 520, 924, 1228, 724, 992, 1382, 647, 1040, 1230, 529, 717, 878, 944, 1522, 507, 948, 976, 1031, 1239, 514, 636, 915, 1010, 1351, 23, 525, 1353, 29, 169, 536, 708, 1328, 1498, 500, 719, 962, 1310, 1336, 256, 650, 1489, 913, 1379, 70, 643, 874, 990, 502, 1016, 1232, 15, 30, 168, 518, 710, 867, 972, 996, 1390, 1488, 236, 939, 1375, 74, 166, 504, 624, 1035, 1381, 522, 865, 1039, 1243, 1497, 174, 237, 961, 1246, 1333, 54, 253, 390, 645, 1307, 1237, 1395, 293, 495, 883, 995, 1398, 1500, 186, 244, 511, 722, 11, 56, 164, 1311, 18, 336, 617, 943, 1346, 152, 157, 922, 1011, 25, 179, 326, 396, 1023, 1383, 58, 280, 309, 468, 618, 808, 957, 1005, 1344, 4, 982, 171, 506, 606, 6, 47, 465, 678, 832, 912, 208, 330, 517, 610, 937, 1002, 1026, 544, 638, 955, 965, 1388, 1515, 125, 247, 683, 861, 1332, 1392, 187, 612, 1009, 1248, 1521, 172, 700, 920, 92, 188, 453, 509, 542, 750, 1486, 199, 246, 877, 993, 614, 680, 827, 923, 942, 1387, 12, 64, 198, 332, 619, 1241, 1309, 1334, 1363, 165, 546, 714, 945, 5, 216, 284, 318, 456, 733, 1385, 1529, 62, 127, 334, 687, 825, 947, 1106, 221, 295, 464, 605, 7, 158, 189, 539, 751, 860, 1236, 1347, 1400, 160, 297, 721, 39, 66, 240, 503, 533, 644, 880, 1233, 163, 245, 485, 819, 979, 1366, 1399, 1502, 42, 53, 601, 1000, 1036, 231, 242, 688, 941, 1377, 1391, 8, 148, 320, 740, 812, 871, 952, 1012, 197, 258, 702, 1115, 1292, 1394, 212, 292, 452, 620, 69, 144, 333, 406, 519, 1357, 1397, 9, 294, 494, 859, 1402, 59, 217, 248, 458, 531, 694, 788, 1116, 1368, 303, 415, 35, 142, 213, 239, 321, 701, 810, 950, 1380, 310, 1001, 1017, 1396, 1, 65, 635, 793, 1354, 75, 181, 193, 251, 484, 1107, 1519, 14, 200, 225, 298, 512, 608, 809, 26, 451, 699, 958, 1341, 1386, 322, 488, 876, 1227, 1278, 1358, 57, 111, 285, 697, 1240, 1508, 79, 124, 176, 254, 317, 732, 919, 60, 412, 462, 800, 949, 997, 22, 250, 307, 1372, 71, 105, 220, 404, 475, 524, 689, 741, 829, 879, 928, 1401, 323, 698, 933, 940, 1098, 1404, 133, 270, 447, 820, 980, 991, 1038, 211, 613, 954, 1326, 1365, 114, 219, 313, 744, 807, 1007, 1093, 1367, 17, 782, 866, 918, 1490, 227, 243, 331, 407, 690, 1512, 13, 43, 286, 302, 338, 477, 696, 748, 817, 1099, 107, 1231, 1356, 16, 63, 170, 204, 232, 241, 685, 723, 946, 1361, 38, 72, 149, 249, 325, 490, 686, 830, 872, 1110, 229, 273, 460, 1294, 1378, 49, 233, 252, 304, 400, 729, 1109, 1186, 591, 679, 730, 826, 881, 1275, 1360, 55, 255, 682, 1313, 1504, 218, 288, 316, 408, 579, 799, 815, 882, 1118, 1376, 3, 184, 234, 289, 445, 749, 50, 73, 119, 235, 296, 470, 783, 1297, 122, 191, 299, 314, 642, 752, 811, 1531, 61, 210, 393, 454, 623, 754, 1100, 1359, 1393, 126, 153, 543, 639, 1102, 1371, 76, 226, 287, 463, 695, 792, 831, 1112, 230, 266, 319, 409, 870, 1290, 1355, 21, 77, 472, 787, 813, 1492, 110, 277, 306, 597, 681, 745, 1161, 1364, 10, 28, 183, 457, 483, 818, 953, 1286, 112, 223, 329, 616, 743, 784, 862, 1520, 41, 684, 904, 19, 202, 265, 448, 753, 1097, 1173, 1436, 1523, 106, 467, 492, 615, 802, 822, 1103, 1189, 1287, 1373, 46, 192, 261, 621, 117, 203, 466, 734, 821, 869, 938, 1096, 1362, 272, 574, 693, 737, 894, 1142, 51, 205, 209, 315, 479, 602, 747, 785, 824, 989, 20, 109, 207, 228, 399, 803, 884, 263, 478, 742, 1369, 1509, 194, 271, 291, 435, 537, 604, 1117, 1283, 1525, 31, 129, 449, 796, 816, 474, 755, 875, 1094, 32, 214, 268, 691, 781, 814, 1280, 1403, 108, 328, 413, 433, 446, 487, 746, 828, 34, 128, 461, 600, 959, 1184, 1374, 37, 161, 337, 414, 736, 960, 1510, 115, 259, 279, 425, 625, 1101, 1288, 215, 805, 893, 1058, 1179, 1444, 1516, 33, 113, 359, 641, 692, 1014, 1295, 1527, 459, 473, 571, 611, 739, 786, 1108, 1296, 116, 185, 224, 281, 327, 482, 123, 154, 391, 417, 450, 1069, 1140, 1156, 1177, 1279, 48, 190, 300, 1113, 308, 353, 572, 804, 823, 902, 1051, 1250, 1285, 1451, 120, 335, 628, 677, 1006, 1080, 1105, 1268, 40, 90, 130, 206, 420, 486, 563, 873, 899, 1289, 1518, 262, 357, 758, 1067, 1130, 1272, 141, 301, 654, 1088, 1224, 1370, 1431, 1514, 121, 267, 324, 348, 419, 1276, 1441, 411, 649, 655, 757, 1030, 1193, 27, 118, 426, 567, 794, 838, 895, 1095, 1122, 1291, 44, 162, 196, 275, 312, 347, 609, 907, 1267, 491, 665, 849, 1089, 1104, 1128, 1194, 1293, 1456, 45, 339, 436, 577, 731, 1262, 1533, 340, 630, 789, 898, 1442, 354, 438, 599, 659, 1134, 1159, 1234, 222, 603, 664, 777, 797, 891, 1008, 1056, 1195, 1266, 103, 344, 387, 402, 471, 550, 632, 1136, 1277, 1437, 476, 801, 1085, 1256, 1282, 36, 180, 351, 562, 575, 834, 906, 1028, 1050, 1152, 1494, 362, 430, 657, 1070, 1119, 1284, 1524, 139, 586, 835, 896, 1033, 1044, 1171, 1479, 96, 143, 178, 276, 1004, 1055, 1137, 201, 358, 405, 556, 669, 885, 1034, 1086, 1185, 1255, 1300, 1434, 151, 559, 589, 863, 998, 1062, 1127, 1439, 1485, 52, 94, 421, 593, 765, 846, 1063, 1114, 1534, 167, 343, 398, 469, 903, 1071, 1163, 1298, 98, 349, 381, 401, 418, 667, 833, 1092, 1138, 1261, 429, 594, 770, 1015, 1191, 1264, 1299, 1517, 97, 341, 434, 668, 892, 1059, 1208, 1247, 1454, 1460, 156, 274, 389, 547, 675, 776, 845, 905, 1081, 1168, 173, 551, 676, 851, 909, 1121, 1183, 1212, 1473, 81, 356, 371, 427, 481, 557, 598, 780, 1037, 1054, 1084, 1254, 1475, 131, 282, 394, 735, 852, 1124, 1153, 1440, 1505, 1532, 775, 1157, 1198, 1455, 1471, 138, 342, 373, 584, 607, 663, 856, 911, 1065, 1090, 1170, 1213, 1269, 1405, 1472, 83, 376, 428, 587, 759, 864, 1120, 1175, 1218, 1409, 1496, 88, 416, 648, 653, 857, 890, 1047, 1079, 1145, 1273, 1410, 346, 422, 590, 760, 1024, 1083, 1180, 1458, 1513, 93, 155, 177, 366, 561, 660, 767, 900, 1052, 1181, 1200, 1249, 1408, 1443, 1526, 95, 378, 795, 847, 994, 1123, 1216, 1257, 1414, 1463, 1501, 345, 437, 564, 658, 778, 858, 1111, 1144, 1148, 1423, 1450, 1464, 100, 305, 370, 576, 673, 888, 1061, 1068, 1196, 1197, 1481, 135, 175, 375, 558, 585, 756, 841, 917, 1029, 1064, 1149, 1199, 1258, 1413, 89, 854, 897, 925, 1131, 1160, 1205, 1415, 1438, 1462, 1499, 377, 410, 439, 570, 931, 1048, 1132, 1418, 1474, 1506, 82, 379, 582, 768, 836, 935, 1076, 1146, 1187, 1201, 1271, 1419, 1432, 1478, 132, 441, 552, 661, 773, 806, 1158, 1203, 1421, 150, 361, 368, 566, 666, 837, 910, 1025, 1043, 1074, 1167, 1190, 1207, 1422, 1461, 1483, 369, 440, 580, 762, 914, 1057, 1209, 1253, 1425, 1446, 1465, 1530, 86, 264, 374, 493, 560, 652, 771, 842, 889, 930, 1091, 1150, 1211, 1427, 1476, 99, 382, 423, 588, 662, 772, 855, 932, 1126, 1151, 1219, 1270, 1428, 1433, 1477, 101, 350, 569, 634, 790, 1066, 1072, 1135, 1172, 1222, 1430, 1449, 1507, 146, 360, 365, 392, 774, 848, 929, 1169, 1192, 1263, 1466, 195, 283, 380, 581, 934, 1041, 1202, 1406, 1448, 1482, 85, 137, 383, 548, 592, 651, 901, 1082, 1125, 1155, 1204, 1265, 1303, 1407, 1487, 1511, 102, 384, 397, 431, 553, 764, 1133, 1162, 1176, 1210, 1411, 1457, 134, 355, 432, 573, 656, 844, 926, 1045, 1166, 1182, 1215, 1260, 1412, 1452, 1459, 1503, 80, 136, 367, 554, 595, 761, 853, 927, 1046, 1075, 1139, 1217, 1416, 1468, 84, 145, 364, 388, 555, 670, 1049, 1164, 1220, 1251, 1417, 1445, 1469, 91, 269, 442, 480, 565, 596, 763, 791, 839, 908, 921, 1060, 1073, 1178, 1420, 159, 372, 395, 671, 766, 840, 1077, 1129, 1147, 1206, 1252, 1424, 1435, 1467, 1491, 87, 140, 182, 311, 352, 385, 549, 578, 672, 769, 843, 886, 916, 1020, 1042, 1078, 1141, 1154, 1174, 1214, 1259, 1315, 1426, 1447, 1470, 1493
Tempo de Execuçao: 1.834760 s


Algoritmo Construtivo Guloso Randomizado
--- Descrição da Cobertura Mínimal em Custo de Vértices Ponderados ---

Alfa: 0.150000
Cobertura de Menor Custo: 1500
Melhor Semente: 7
Vertices utilizados: 
987, 703, 719, 1244, 1351, 707, 1248, 1327, 18, 515, 1223, 521, 727, 868, 545, 705, 646, 1323, 725, 951, 1239, 257, 1305, 996, 650, 517, 1304, 1009, 510, 1324, 497, 1311, 1229, 962, 1308, 1307, 534, 625, 995, 1332, 1040, 1228, 1310, 633, 1509, 1314, 67, 499, 1345, 944, 238, 1395, 1522, 1317, 1302, 628, 970, 460, 1353, 629, 1010, 1384, 1344, 465, 4, 1321, 1022, 706, 1489, 1225, 1340, 1243, 508, 537, 709, 1342, 639, 511, 154, 536, 956, 883, 500, 237, 861, 712, 532, 1232, 717, 260, 1484, 1322, 396, 874, 527, 647, 982, 618, 859, 25, 1235, 1023, 640, 963, 528, 309, 988, 1226, 1349, 251, 501, 506, 683, 985, 523, 1319, 236, 720, 151, 538, 509, 505, 1002, 1306, 880, 453, 502, 531, 1017, 1019, 1329, 971, 199, 978, 171, 942, 280, 1318, 975, 1242, 716, 711, 972, 452, 948, 986, 1363, 961, 1231, 444, 1398, 443, 152, 244, 540, 924, 334, 174, 529, 546, 1343, 498, 1352, 915, 1336, 526, 456, 140, 58, 307, 11, 169, 164, 643, 1031, 204, 726, 1316, 733, 5, 507, 1020, 1313, 1021, 1502, 1394, 724, 1026, 1032, 1397, 454, 530, 54, 1497, 645, 808, 539, 1238, 1377, 1498, 721, 292, 920, 919, 1339, 544, 1012, 1389, 992, 1379, 1337, 631, 605, 1375, 1008, 934, 832, 1330, 713, 516, 485, 1346, 78, 614, 1390, 912, 1241, 1504, 514, 133, 694, 946, 966, 1035, 30, 250, 1018, 189, 520, 867, 1233, 59, 754, 714, 1399, 1508, 968, 862, 1519, 965, 1500, 297, 878, 240, 1529, 398, 926, 172, 1016, 1388, 1354, 29, 1315, 247, 1383, 635, 1382, 1392, 496, 390, 248, 715, 455, 1038, 740, 157, 415, 518, 246, 973, 702, 710, 610, 708, 290, 1106, 1165, 619, 1013, 541, 373, 700, 718, 6, 187, 722, 1237, 1387, 1338, 1348, 969, 39, 947, 1494, 1224, 163, 922, 945, 181, 964, 141, 748, 160, 68, 57, 1531, 150, 235, 464, 20, 221, 524, 612, 940, 1028, 865, 939, 7, 74, 1039, 882, 1488, 239, 303, 750, 387, 943, 503, 165, 1368, 330, 644, 749, 991, 1402, 329, 143, 69, 326, 336, 451, 1506, 522, 679, 704, 637, 860, 937, 1234, 879, 216, 1357, 827, 979, 338, 158, 1033, 458, 601, 207, 166, 293, 993, 1004, 194, 295, 933, 1005, 535, 871, 981, 638, 918, 406, 125, 1391, 1523, 533, 1521, 687, 258, 1115, 1404, 212, 1358, 809, 1512, 877, 253, 810, 723, 495, 1236, 1292, 1334, 1001, 321, 967, 613, 241, 16, 1146, 954, 175, 1381, 820, 320, 468, 1003, 738, 1227, 170, 825, 186, 990, 55, 208, 256, 213, 12, 1030, 689, 1325, 872, 728, 35, 198, 1099, 50, 1301, 958, 487, 53, 144, 788, 678, 1110, 490, 1486, 24, 1093, 925, 626, 8, 75, 70, 680, 913, 519, 310, 512, 698, 179, 1376, 1400, 1380, 863, 149, 686, 1107, 284, 313, 243, 14, 606, 1246, 952, 233, 955, 139, 1356, 936, 65, 1230, 484, 1365, 225, 950, 325, 1328, 285, 1378, 15, 270, 407, 142, 288, 1350, 227, 513, 504, 124, 173, 47, 231, 411, 627, 1098, 435, 494, 23, 984, 92, 1401, 1189, 168, 699, 620, 1366, 1386, 800, 594, 331, 457, 1312, 64, 249, 122, 1150, 1000, 107, 26, 1347, 608, 402, 941, 254, 66, 232, 525, 997, 739, 1287, 1367, 1102, 1108, 359, 298, 105, 63, 793, 928, 1, 1294, 400, 741, 1396, 306, 817, 1240, 218, 21, 412, 1279, 1118, 690, 732, 56, 17, 1520, 242, 681, 332, 289, 819, 829, 408, 184, 881, 875, 255, 448, 1369, 617, 317, 866, 1364, 807, 949, 42, 1006, 296, 211, 1286, 483, 197, 282, 294, 445, 1285, 404, 106, 1479, 38, 200, 929, 128, 180, 751, 1116, 156, 463, 999, 153, 1516, 470, 693, 314, 1333, 127, 1290, 542, 1177, 277, 1373, 349, 466, 426, 1112, 304, 784, 71, 79, 1103, 744, 209, 957, 1335, 399, 695, 624, 938, 1434, 409, 1525, 1361, 1385, 316, 215, 787, 696, 111, 287, 1105, 167, 219, 976, 815, 129, 73, 1011, 3, 112, 1185, 117, 475, 1050, 684, 472, 132, 191, 616, 114, 1436, 1331, 1297, 579, 1278, 223, 226, 682, 413, 1510, 1320, 792, 62, 1362, 414, 893, 831, 32, 40, 1161, 697, 9, 730, 427, 274, 543, 1036, 159, 318, 1492, 315, 109, 1153, 76, 433, 1495, 43, 576, 959, 447, 34, 183, 1163, 1101, 217, 192, 462, 974, 782, 31, 1117, 322, 600, 1094, 1275, 983, 13, 72, 1007, 205, 869, 812, 1176, 1172, 571, 876, 1109, 210, 821, 403, 574, 333, 731, 1532, 115, 953, 467, 673, 482, 818, 1360, 814, 760, 425, 1296, 49, 119, 884, 273, 22, 1113, 1067, 691, 193, 1289, 1097, 1534, 308, 299, 60, 623, 230, 1186, 439, 2, 1096, 393, 742, 1119, 188, 701, 459, 228, 752, 126, 229, 281, 220, 664, 615, 286, 416, 418, 37, 417, 1086, 1104, 685, 291, 824, 266, 477, 203, 77, 980, 577, 1123, 1130, 1089, 110, 328, 1300, 1451, 1372, 597, 641, 201, 729, 347, 1393, 488, 1159, 335, 1374, 446, 757, 977, 1355, 1080, 737, 960, 302, 357, 196, 123, 1527, 1359, 688, 604, 870, 10, 1250, 1272, 473, 28, 190, 785, 804, 1283, 1179, 319, 1051, 1444, 621, 450, 802, 776, 582, 222, 630, 743, 1088, 486, 1524, 234, 474, 108, 898, 1069, 352, 271, 148, 245, 1085, 1474, 1136, 1438, 252, 826, 431, 591, 1288, 745, 895, 1284, 734, 206, 405, 1173, 1152, 461, 272, 753, 51, 894, 300, 1276, 1095, 27, 1517, 822, 1058, 41, 602, 593, 33, 904, 796, 492, 899, 430, 202, 1530, 654, 419, 259, 278, 96, 830, 138, 873, 118, 1056, 1092, 1180, 1037, 1062, 556, 1309, 1341, 1194, 775, 1142, 421, 989, 279, 572, 655, 46, 354, 649, 19, 161, 1440, 1167, 99, 120, 665, 312, 736, 478, 1515, 1070, 786, 1371, 449, 337, 816, 346, 113, 1100, 906, 567, 469, 1518, 268, 642, 799, 391, 813, 1137, 1184, 563, 214, 1282, 692, 1280, 1266, 1439, 339, 121, 1454, 1455, 1293, 362, 1135, 262, 746, 471, 1065, 1141, 1268, 907, 479, 765, 1140, 90, 783, 1277, 833, 185, 584, 1269, 61, 436, 476, 356, 1471, 162, 1090, 767, 324, 1262, 36, 667, 1071, 116, 1299, 340, 343, 609, 891, 1267, 668, 811, 1138, 1054, 434, 98, 566, 885, 429, 839, 130, 97, 805, 323, 781, 659, 1437, 770, 358, 1114, 1063, 371, 902, 854, 857, 263, 850, 1482, 636, 611, 1057, 401, 592, 1485, 423, 351, 224, 348, 801, 660, 1247, 1251, 1129, 589, 670, 1212, 375, 1442, 755, 1260, 327, 834, 603, 177, 1183, 344, 892, 909, 794, 549, 1526, 48, 182, 394, 1091, 662, 587, 1245, 564, 1164, 1190, 558, 570, 1261, 1014, 849, 370, 1449, 1187, 903, 1480, 758, 838, 1370, 756, 1193, 1132, 806, 1209, 440, 1213, 1168, 828, 52, 100, 1082, 395, 1124, 83, 864, 777, 1409, 1303, 598, 489, 905, 385, 735, 852, 666, 1027, 842, 1127, 1264, 1412, 1074, 1463, 1441, 803, 341, 1205, 550, 835, 1111, 103, 1122, 491, 381, 93, 301, 1432, 1473, 1047, 1055, 135, 389, 155, 1420, 1201, 1496, 1291, 420, 1061, 747, 1024, 380, 1295, 1273, 675, 311, 552, 264, 887, 1431, 1191, 1155, 1419, 363, 848, 1257, 772, 797, 1461, 366, 1208, 672, 1198, 1475, 1271, 1034, 1143, 1151, 1427, 1145, 554, 900, 1015, 1044, 890, 1460, 1064, 1505, 353, 575, 671, 1197, 1121, 1256, 1472, 559, 1448, 1204, 1417, 1188, 1079, 1048, 607, 1421, 773, 837, 131, 1443, 557, 44, 102, 1043, 265, 652, 1181, 1218, 843, 1072, 88, 1413, 1490, 590, 669, 361, 1170, 562, 1428, 1077, 914, 1459, 1255, 1456, 1133, 1216, 1499, 91, 376, 998, 1414, 648, 764, 856, 1175, 1458, 1511, 1481, 795, 386, 1042, 379, 267, 368, 766, 438, 95, 888, 374, 573, 1149, 1195, 780, 778, 1214, 561, 1483, 1270, 657, 94, 858, 855, 583, 889, 1408, 1422, 80, 1148, 547, 1081, 1222, 663, 1462, 1045, 1166, 1435, 1059, 1407, 1469, 1207, 1411, 146, 759, 599, 851, 1076, 897, 791, 634, 276, 1249, 481, 87, 1217, 364, 580, 1131, 676, 1068, 931, 1120, 1041, 923, 1182, 136, 1254, 365, 1424, 1215, 578, 1162, 768, 1433, 841, 1425, 1477, 432, 917, 89, 553, 1528, 1199, 774, 372, 1156, 422, 845, 551, 1410, 1066, 384, 178, 790, 911, 1466, 45, 441, 1196, 836, 1211, 588, 1128, 653, 275, 1430, 1265, 1470, 81, 145, 927, 355, 1501, 269, 1514, 548, 1445, 1476, 84, 1144, 1418, 1169, 377, 569, 840, 1192, 383, 916, 104, 651, 1200, 1219, 1157, 994, 896, 1426, 369, 424, 762, 769, 1259, 921, 1073, 1053, 586, 1507, 1452, 779, 1263, 350, 910, 823, 410, 1406, 1503, 1084, 555, 1220, 1453, 674, 1467, 345, 1464, 761, 901, 397, 367, 1049, 1326, 930, 568, 1125, 1160, 1415, 585, 1206, 147, 1487, 846, 437, 1046, 1025, 1478, 1087, 1171, 85, 1274, 1405, 1298, 1533, 86, 1154, 1468, 1221, 388, 480, 581, 661, 560, 847, 1126, 261, 1083, 798, 1252, 1174, 342, 1052, 1446, 82, 1158, 134, 1429, 1202, 595, 195, 378, 428, 844, 908, 763, 935, 656, 1078, 1178, 1203, 1139, 1253, 1450, 1465, 1491, 137, 1416


Alfa: 0.250000
Cobertura de Menor Custo: 1502
Melhor Semente: 7
Vertices utilizados: 
606, 536, 149, 975, 500, 628, 1350, 738, 6, 330, 1384, 1352, 1242, 534, 293, 977, 1231, 966, 18, 1003, 9, 610, 1029, 942, 1230, 1322, 453, 456, 5, 958, 200, 465, 499, 454, 307, 2, 999, 1236, 546, 872, 68, 1349, 15, 987, 533, 323, 24, 1237, 29, 23, 711, 446, 1235, 939, 880, 883, 30, 961, 956, 468, 1512, 295, 11, 1342, 625, 1304, 333, 1238, 982, 1522, 718, 241, 1377, 521, 1498, 143, 532, 703, 985, 1022, 92, 508, 1012, 980, 535, 644, 245, 868, 957, 507, 727, 979, 636, 1040, 1326, 1001, 1375, 243, 544, 1502, 242, 974, 503, 1525, 160, 518, 168, 630, 639, 612, 1338, 1320, 396, 708, 871, 750, 189, 937, 1516, 1028, 1302, 968, 922, 251, 1039, 1324, 1489, 919, 716, 260, 859, 485, 187, 542, 700, 629, 1002, 1497, 981, 298, 12, 257, 240, 529, 1398, 643, 290, 988, 540, 235, 1348, 502, 246, 967, 723, 524, 1494, 709, 186, 601, 678, 444, 971, 198, 1509, 151, 926, 704, 944, 924, 199, 531, 1390, 641, 627, 504, 309, 470, 1311, 511, 458, 986, 56, 1381, 249, 646, 303, 482, 1314, 993, 236, 705, 208, 863, 1366, 877, 1018, 1309, 280, 1385, 626, 74, 67, 390, 318, 204, 941, 706, 1484, 1519, 455, 976, 133, 721, 1392, 1229, 338, 509, 1323, 613, 522, 732, 1004, 306, 978, 875, 1021, 523, 1020, 1329, 624, 172, 1226, 1292, 1017, 1005, 1239, 1312, 238, 1165, 728, 212, 812, 1316, 538, 965, 515, 832, 484, 253, 605, 530, 1340, 1346, 132, 998, 537, 1225, 1500, 950, 498, 1343, 1389, 505, 1305, 1382, 955, 66, 1228, 754, 1332, 286, 462, 638, 25, 139, 1037, 740, 1317, 1344, 114, 144, 408, 1404, 1008, 254, 940, 719, 1234, 516, 65, 50, 990, 1033, 933, 694, 934, 1387, 1394, 292, 876, 57, 490, 992, 69, 707, 928, 1400, 1328, 19, 996, 1359, 176, 497, 1341, 510, 525, 749, 710, 1521, 809, 1318, 1307, 685, 64, 642, 1325, 867, 125, 964, 640, 49, 1109, 1372, 414, 925, 520, 1333, 1168, 720, 179, 70, 683, 88, 258, 26, 1319, 1035, 1106, 1295, 1531, 256, 14, 1358, 528, 17, 496, 78, 541, 191, 912, 171, 1368, 326, 680, 1010, 1100, 77, 136, 1301, 1397, 281, 1013, 951, 635, 861, 152, 416, 294, 277, 1306, 322, 221, 512, 820, 983, 1376, 1032, 1339, 1357, 1488, 1247, 539, 1118, 1515, 741, 124, 865, 155, 973, 1336, 1365, 878, 726, 829, 181, 1393, 682, 1371, 913, 302, 415, 1248, 387, 1529, 406, 633, 13, 1243, 947, 233, 474, 194, 166, 1434, 690, 1353, 146, 250, 141, 399, 1354, 457, 1233, 715, 73, 733, 148, 288, 219, 321, 862, 325, 62, 782, 526, 1321, 156, 32, 1391, 1337, 285, 1241, 645, 1297, 216, 244, 20, 313, 959, 373, 1383, 970, 1031, 193, 404, 398, 53, 466, 725, 614, 1367, 443, 1379, 248, 111, 452, 1009, 686, 158, 1117, 213, 391, 270, 923, 1327, 129, 1023, 783, 1278, 1246, 1232, 163, 339, 247, 449, 1026, 811, 693, 1224, 1504, 334, 169, 506, 621, 315, 8, 527, 1163, 287, 1094, 915, 946, 608, 46, 736, 650, 229, 165, 543, 1361, 220, 7, 154, 1313, 128, 316, 1093, 184, 1331, 261, 331, 180, 1227, 1395, 620, 787, 291, 252, 1184, 75, 461, 63, 35, 1347, 488, 217, 1038, 445, 409, 174, 1335, 810, 38, 1378, 637, 943, 920, 271, 1161, 237, 752, 218, 591, 699, 1014, 874, 1104, 1388, 1364, 697, 1172, 117, 695, 1153, 447, 1019, 1098, 616, 597, 1396, 1520, 1016, 296, 297, 619, 519, 748, 684, 1534, 1240, 467, 417, 997, 120, 205, 1449, 673, 202, 21, 830, 1402, 16, 463, 282, 1501, 167, 1036, 47, 963, 413, 1334, 161, 717, 182, 460, 58, 1011, 701, 1351, 800, 793, 34, 60, 882, 972, 1108, 336, 618, 211, 1000, 232, 687, 1356, 170, 936, 314, 478, 39, 799, 320, 689, 122, 681, 1112, 407, 402, 746, 183, 737, 894, 714, 954, 486, 1244, 207, 1386, 400, 61, 255, 54, 1444, 594, 487, 995, 929, 157, 1362, 1296, 822, 37, 228, 477, 109, 713, 1171, 1107, 412, 1355, 127, 90, 31, 825, 873, 784, 1115, 938, 48, 1374, 1287, 1290, 274, 724, 42, 1176, 817, 353, 335, 328, 226, 1530, 792, 429, 425, 730, 59, 1523, 223, 1401, 860, 357, 153, 352, 495, 420, 411, 821, 945, 1524, 317, 214, 984, 1289, 1380, 1088, 1186, 1308, 1136, 969, 230, 1181, 479, 304, 609, 884, 1298, 647, 123, 1300, 1152, 722, 598, 475, 72, 472, 949, 450, 188, 631, 105, 115, 1286, 879, 349, 1485, 818, 657, 203, 55, 259, 439, 1283, 757, 1360, 802, 1141, 1277, 473, 327, 266, 494, 263, 427, 1095, 953, 1102, 89, 118, 319, 284, 584, 831, 119, 392, 753, 1101, 1099, 27, 1074, 545, 1442, 431, 231, 654, 1166, 893, 113, 1517, 807, 604, 808, 696, 433, 743, 262, 513, 483, 464, 209, 1084, 1441, 991, 354, 1051, 329, 579, 268, 1299, 1450, 870, 751, 826, 1006, 1432, 824, 517, 393, 1030, 448, 175, 742, 210, 40, 602, 712, 421, 106, 815, 688, 794, 989, 1310, 1083, 881, 729, 649, 44, 1, 76, 1177, 1363, 116, 51, 206, 599, 359, 514, 1330, 1082, 1056, 501, 805, 906, 426, 162, 1275, 435, 869, 215, 1436, 827, 819, 451, 10, 1113, 1127, 1451, 1097, 1403, 557, 1122, 312, 582, 1373, 1133, 1284, 797, 1130, 332, 1288, 948, 603, 28, 611, 103, 1068, 239, 664, 192, 308, 1399, 770, 459, 659, 434, 1092, 660, 185, 623, 849, 1276, 777, 903, 828, 279, 1508, 1345, 735, 340, 97, 1189, 337, 698, 1058, 1128, 227, 481, 1528, 1223, 891, 300, 1279, 1250, 1086, 1533, 110, 839, 731, 1285, 130, 1272, 1526, 190, 745, 866, 843, 1267, 1119, 276, 310, 1146, 197, 960, 747, 492, 895, 403, 804, 1015, 356, 4, 43, 834, 586, 1080, 952, 272, 1188, 904, 1148, 1070, 572, 788, 885, 1268, 423, 744, 1532, 1062, 670, 801, 1180, 571, 491, 471, 1105, 762, 1479, 1007, 107, 759, 1034, 691, 668, 814, 1103, 739, 679, 702, 430, 224, 1262, 1458, 1065, 1518, 108, 1282, 345, 556, 785, 1456, 767, 1142, 803, 99, 775, 1439, 375, 1173, 823, 899, 910, 1185, 289, 1460, 1294, 41, 1266, 850, 33, 401, 222, 419, 1212, 768, 52, 1067, 121, 600, 1116, 558, 798, 755, 656, 164, 1437, 1482, 892, 813, 1159, 112, 1089, 348, 655, 1050, 1063, 1263, 617, 577, 1111, 661, 1205, 1179, 45, 1137, 692, 196, 758, 1280, 1496, 1472, 575, 1096, 858, 564, 786, 574, 178, 1090, 1085, 909, 347, 1251, 343, 351, 135, 424, 567, 234, 816, 126, 796, 734, 1220, 1048, 854, 1123, 554, 1110, 265, 1125, 1293, 1140, 1273, 632, 344, 1191, 1370, 225, 394, 3, 918, 1079, 1454, 1114, 677, 382, 905, 1255, 561, 1193, 852, 1069, 1505, 410, 201, 1052, 273, 1121, 346, 607, 1291, 835, 896, 358, 563, 662, 1257, 1492, 1440, 795, 71, 1047, 395, 489, 102, 1027, 583, 1477, 1138, 1409, 1254, 389, 324, 1156, 95, 1455, 845, 342, 1042, 301, 667, 311, 837, 1190, 381, 907, 1527, 1057, 36, 1461, 131, 1219, 548, 1405, 1055, 570, 418, 665, 1471, 361, 1213, 1478, 773, 370, 369, 587, 856, 1194, 469, 22, 1421, 549, 592, 781, 765, 1216, 1430, 1208, 908, 278, 780, 1261, 177, 1175, 846, 1514, 1126, 438, 663, 1490, 901, 1419, 1059, 1256, 1129, 1211, 1468, 1269, 100, 857, 376, 101, 371, 341, 1197, 1411, 1424, 1158, 1464, 1433, 1483, 550, 841, 1151, 1423, 778, 1054, 1473, 1145, 82, 81, 994, 833, 1463, 898, 1425, 83, 890, 1486, 672, 911, 1475, 1135, 173, 1178, 385, 1162, 1041, 652, 776, 562, 98, 1303, 1200, 1369, 1198, 806, 367, 96, 838, 1414, 789, 580, 1199, 366, 138, 764, 1025, 1024, 264, 962, 1413, 362, 1203, 432, 888, 585, 669, 1499, 568, 553, 566, 1417, 581, 1073, 864, 590, 1270, 1143, 671, 1453, 1447, 779, 1271, 1139, 405, 1428, 1149, 1091, 760, 1210, 1476, 93, 379, 1045, 1043, 383, 1438, 1201, 1183, 1487, 436, 1507, 1249, 902, 440, 1072, 428, 1259, 1157, 1131, 1426, 1459, 916, 930, 593, 377, 1167, 848, 772, 900, 1204, 476, 1443, 658, 589, 1170, 1480, 1412, 560, 1182, 87, 1196, 140, 1134, 1407, 1081, 855, 150, 651, 380, 79, 1258, 763, 1513, 1049, 842, 1202, 1066, 365, 355, 1252, 1209, 1077, 1481, 547, 921, 648, 1435, 675, 368, 142, 1465, 1429, 305, 1415, 1410, 917, 1495, 1466, 80, 422, 350, 676, 840, 576, 1493, 771, 1253, 1061, 836, 1150, 1510, 104, 565, 1160, 769, 595, 551, 267, 1206, 932, 441, 1217, 1274, 386, 1075, 1406, 1124, 275, 137, 1431, 914, 761, 569, 84, 573, 1154, 1076, 1044, 1218, 1053, 1420, 634, 374, 91, 578, 1462, 1192, 1078, 1215, 653, 887, 1155, 1448, 1506, 372, 1187, 1214, 559, 363, 1408, 1474, 851, 378, 1221, 1446, 1260, 1418, 791, 622, 1470, 145, 397, 847, 159, 134, 756, 935, 283, 1132, 1064, 1164, 85, 1264, 897, 1427, 1511, 360, 1195, 388, 86, 774, 480, 666, 588, 1457, 889, 844, 1046, 931, 1087, 1207, 442, 1120, 552, 1452, 790, 1491, 147, 1169, 1467, 269, 195, 1422


Alfa: 0.350000
Cobertura de Menor Custo: 1504
Melhor Semente: 21
Vertices utilizados: 
531, 945, 1356, 322, 24, 1314, 1241, 140, 1245, 292, 1516, 1306, 251, 880, 482, 1351, 179, 1002, 156, 306, 294, 630, 309, 1390, 1345, 542, 974, 1502, 1322, 1349, 1531, 984, 648, 3, 606, 718, 1010, 1225, 617, 458, 716, 526, 689, 1004, 508, 18, 625, 865, 1328, 6, 644, 14, 966, 242, 539, 1001, 620, 635, 959, 536, 605, 1366, 961, 248, 485, 50, 1228, 524, 246, 1313, 977, 733, 325, 944, 446, 808, 1404, 1232, 1346, 926, 1339, 1032, 986, 882, 443, 878, 754, 1012, 509, 978, 30, 1235, 950, 988, 1030, 74, 13, 280, 1310, 496, 1353, 373, 1023, 1304, 456, 171, 698, 541, 286, 1040, 1326, 1305, 144, 337, 105, 1525, 626, 499, 477, 879, 206, 153, 402, 1236, 963, 166, 997, 704, 1247, 1488, 47, 1168, 871, 20, 151, 313, 1303, 1230, 982, 518, 1020, 1324, 169, 1024, 707, 1035, 919, 54, 1340, 1018, 923, 254, 1315, 990, 1026, 543, 1354, 631, 724, 933, 1031, 62, 1336, 9, 624, 859, 929, 204, 962, 650, 976, 270, 948, 268, 705, 1337, 92, 741, 1013, 1332, 141, 632, 1229, 404, 1334, 941, 1014, 1402, 634, 925, 289, 107, 513, 532, 1163, 535, 185, 334, 1317, 143, 191, 981, 57, 1162, 1347, 868, 1375, 1323, 1319, 172, 1016, 256, 139, 307, 869, 236, 515, 1335, 187, 748, 466, 1348, 409, 937, 416, 699, 23, 1534, 260, 1146, 1311, 406, 995, 1350, 1189, 939, 726, 326, 336, 534, 546, 544, 946, 284, 629, 1501, 612, 1489, 1377, 954, 41, 717, 669, 965, 462, 323, 527, 117, 678, 608, 983, 1520, 744, 618, 633, 459, 1500, 329, 999, 338, 521, 714, 928, 447, 315, 1021, 647, 67, 464, 126, 1506, 240, 863, 259, 498, 1519, 1522, 426, 1286, 745, 1379, 332, 1227, 200, 723, 1099, 1365, 1395, 1498, 460, 15, 483, 11, 133, 511, 197, 78, 257, 1248, 4, 517, 969, 738, 225, 58, 862, 640, 697, 164, 1231, 1003, 12, 1435, 866, 529, 1038, 514, 649, 465, 16, 35, 934, 310, 1118, 250, 470, 271, 1368, 540, 1224, 192, 725, 685, 703, 1352, 112, 64, 1389, 985, 253, 1022, 870, 238, 1325, 951, 1033, 83, 1357, 708, 252, 972, 915, 505, 198, 170, 1173, 38, 71, 730, 1165, 7, 683, 445, 1327, 1223, 710, 819, 1185, 77, 955, 746, 826, 65, 628, 220, 1509, 1527, 1388, 165, 680, 533, 1006, 621, 163, 374, 507, 8, 1529, 728, 970, 538, 991, 282, 510, 390, 610, 1341, 829, 673, 199, 1331, 1367, 233, 1393, 467, 42, 1297, 1359, 500, 1158, 444, 1244, 472, 295, 642, 1360, 27, 320, 174, 175, 687, 158, 1321, 331, 688, 455, 614, 875, 297, 298, 59, 25, 947, 109, 942, 719, 1234, 636, 1512, 537, 686, 1226, 722, 1242, 700, 232, 1497, 75, 5, 73, 817, 616, 1300, 667, 1017, 1382, 520, 1361, 66, 96, 971, 261, 1243, 2, 956, 662, 489, 980, 471, 611, 1292, 217, 457, 627, 1391, 684, 750, 216, 484, 213, 987, 807, 181, 184, 45, 1396, 487, 461, 867, 1190, 88, 751, 255, 266, 31, 530, 579, 168, 1000, 492, 149, 861, 182, 1283, 512, 269, 414, 860, 317, 782, 328, 1102, 884, 794, 46, 502, 128, 706, 788, 148, 412, 230, 1510, 1526, 125, 576, 398, 235, 681, 304, 810, 205, 1294, 188, 391, 874, 872, 1095, 1019, 1009, 1397, 832, 1343, 479, 1485, 60, 1318, 186, 1238, 1517, 822, 713, 427, 749, 1521, 327, 811, 293, 1285, 396, 1312, 146, 964, 503, 451, 167, 33, 106, 917, 1153, 1240, 448, 1399, 1290, 408, 189, 973, 1452, 646, 1518, 792, 440, 654, 913, 711, 1330, 247, 497, 1400, 943, 127, 715, 809, 1373, 262, 69, 291, 1364, 690, 664, 504, 1293, 1508, 602, 702, 418, 1101, 759, 1069, 1530, 122, 221, 70, 29, 231, 1116, 996, 694, 340, 796, 1392, 452, 825, 1, 224, 1187, 36, 589, 34, 403, 740, 453, 752, 63, 747, 411, 1363, 1191, 26, 81, 274, 1507, 316, 239, 288, 940, 207, 491, 643, 736, 968, 1008, 695, 1344, 203, 1193, 989, 49, 1434, 886, 1106, 1115, 967, 434, 701, 1403, 124, 1142, 454, 660, 693, 938, 577, 1358, 593, 290, 226, 1278, 799, 61, 296, 1401, 501, 815, 1104, 400, 1281, 545, 613, 952, 670, 37, 1370, 783, 523, 1039, 873, 194, 281, 1093, 1394, 1504, 193, 516, 812, 522, 619, 623, 876, 1333, 1246, 415, 757, 39, 227, 659, 79, 19, 729, 318, 1233, 490, 1383, 696, 312, 1523, 475, 594, 600, 435, 359, 103, 353, 72, 1372, 727, 1514, 211, 407, 1036, 657, 900, 786, 953, 56, 303, 55, 924, 742, 1384, 113, 1179, 1111, 1298, 244, 218, 241, 1051, 1007, 473, 43, 753, 770, 385, 160, 245, 425, 138, 1089, 495, 439, 1287, 21, 1444, 287, 32, 10, 277, 1524, 129, 598, 430, 1515, 920, 433, 478, 1138, 1301, 823, 1279, 682, 979, 1338, 720, 904, 1067, 1316, 486, 893, 1289, 1320, 201, 285, 1329, 399, 177, 1237, 821, 993, 1436, 645, 787, 1107, 1385, 949, 1439, 1136, 114, 1088, 1097, 351, 53, 152, 992, 818, 417, 912, 758, 1451, 762, 190, 180, 40, 803, 1376, 1011, 877, 679, 494, 354, 450, 1029, 1109, 1172, 234, 905, 1387, 957, 935, 405, 413, 237, 51, 1277, 347, 420, 525, 438, 1027, 1381, 341, 1005, 469, 1098, 116, 394, 279, 833, 601, 1096, 330, 183, 856, 371, 333, 960, 314, 1280, 830, 1309, 344, 790, 828, 1076, 119, 910, 1140, 816, 731, 764, 1492, 249, 1449, 1112, 1275, 639, 891, 831, 1074, 1458, 655, 1355, 481, 1296, 883, 1386, 1110, 560, 906, 1440, 1471, 800, 588, 468, 570, 1256, 768, 111, 1141, 228, 319, 668, 899, 1084, 346, 1086, 1150, 528, 864, 357, 324, 419, 548, 1398, 1082, 820, 258, 212, 637, 895, 1159, 784, 1194, 1080, 1378, 798, 436, 395, 223, 202, 557, 1474, 176, 755, 208, 607, 1218, 159, 229, 849, 28, 709, 474, 68, 592, 118, 488, 775, 1284, 1123, 1251, 567, 209, 575, 1295, 609, 1276, 834, 824, 17, 756, 76, 1273, 975, 1059, 591, 1494, 1186, 1291, 1108, 814, 1533, 677, 1079, 1307, 1262, 1152, 1083, 410, 84, 1043, 739, 558, 881, 123, 431, 1254, 922, 743, 90, 793, 299, 1050, 1105, 1148, 712, 835, 1092, 44, 1135, 1070, 1484, 1198, 132, 1266, 771, 1532, 1113, 22, 1139, 437, 424, 1184, 1308, 1272, 401, 1160, 1362, 1269, 665, 97, 1282, 1455, 584, 1103, 1268, 1433, 1209, 1094, 1100, 732, 1183, 276, 1085, 157, 565, 381, 1127, 321, 130, 121, 571, 1090, 1048, 838, 1197, 903, 573, 574, 672, 348, 1134, 894, 781, 195, 603, 263, 1154, 389, 638, 349, 1073, 273, 449, 1255, 1380, 87, 1445, 1456, 98, 572, 1214, 599, 1164, 1171, 839, 1437, 779, 776, 52, 1431, 845, 765, 1418, 1495, 1425, 1128, 1442, 1120, 1049, 115, 137, 1302, 1058, 393, 386, 802, 339, 278, 300, 48, 1053, 671, 907, 506, 1478, 847, 1261, 352, 1180, 958, 1239, 463, 843, 801, 563, 848, 308, 99, 1472, 1462, 721, 1499, 429, 1034, 581, 1407, 154, 1410, 91, 897, 804, 382, 367, 1121, 1454, 561, 780, 173, 1199, 604, 885, 1212, 1463, 392, 342, 1486, 1459, 1065, 1513, 108, 663, 222, 1087, 1473, 1037, 797, 1081, 651, 1421, 898, 1342, 302, 1044, 1149, 1416, 1177, 1267, 1130, 1055, 362, 587, 590, 737, 691, 918, 1432, 1257, 641, 1412, 1132, 1264, 735, 120, 551, 1196, 760, 1042, 358, 219, 692, 1122, 275, 356, 842, 1071, 778, 1203, 1250, 243, 1467, 622, 586, 1423, 283, 901, 1207, 369, 1145, 1477, 1075, 210, 1259, 666, 553, 432, 1475, 1491, 1414, 380, 1119, 1144, 1147, 1054, 806, 150, 777, 1422, 1490, 214, 1047, 813, 585, 1126, 388, 1125, 562, 162, 555, 1215, 795, 135, 1470, 376, 853, 1213, 1137, 1420, 365, 1371, 1176, 852, 791, 1405, 1178, 1505, 1216, 857, 85, 827, 100, 335, 311, 1204, 1155, 1480, 1114, 1046, 930, 1260, 1221, 890, 95, 615, 372, 911, 559, 1192, 104, 476, 583, 110, 422, 1430, 676, 1299, 840, 1077, 1479, 519, 1464, 1220, 772, 837, 564, 1057, 931, 1170, 1258, 1438, 1166, 1062, 892, 93, 378, 1219, 1408, 1056, 82, 1453, 1415, 421, 345, 1265, 196, 1078, 142, 846, 550, 364, 652, 136, 375, 102, 1450, 653, 360, 1252, 889, 1200, 1369, 767, 1411, 1061, 851, 377, 1427, 1496, 442, 272, 1482, 387, 161, 888, 1210, 155, 763, 215, 549, 766, 1461, 1041, 896, 1169, 1447, 909, 805, 1174, 1417, 1211, 1129, 370, 547, 1205, 858, 1424, 305, 1465, 661, 1476, 1181, 1270, 836, 595, 568, 927, 1528, 361, 1271, 582, 1419, 994, 1161, 264, 379, 1469, 94, 855, 147, 1060, 569, 914, 1052, 89, 80, 1206, 1151, 493, 1460, 1143, 1448, 887, 265, 1493, 1188, 1429, 936, 366, 428, 1124, 998, 850, 773, 1413, 1202, 658, 301, 350, 145, 580, 734, 785, 1487, 1066, 1025, 1468, 267, 368, 674, 1201, 556, 1175, 1409, 355, 1263, 1446, 597, 554, 841, 1131, 1156, 480, 1045, 916, 902, 774, 1063, 844, 1195, 1426, 675, 1457, 1441, 1068, 1253, 596, 343, 1217, 761, 423, 1028, 383, 131, 552, 1222, 1072, 101, 1249, 1481, 1483, 932, 1091, 441, 397, 566, 384, 1157, 656, 1406


Tempo de Execuçao: 175.031627 s

Algoritmo Construtivo Guloso Randomizado Reativo
--- Descrição da Cobertura Mínimal em Custo de Vértices Ponderados ---

Alfa: 0.100000
Cobertura de Menor Custo: 1498
Vertices utilizados: 
1226, 500, 1305, 707, 521, 633, 1032, 629, 986, 508, 451, 715, 498, 988, 971, 1353, 1306, 966, 290, 1239, 24, 647, 1229, 532, 527, 871, 880, 723, 1323, 1350, 719, 1313, 990, 977, 631, 738, 256, 530, 1228, 716, 545, 706, 711, 507, 1031, 536, 978, 1327, 721, 1235, 963, 969, 874, 1330, 867, 627, 237, 1325, 995, 709, 1244, 1013, 1318, 1329, 1035, 1308, 1338, 1018, 1022, 1337, 257, 1324, 70, 1238, 1343, 728, 640, 713, 67, 985, 1230, 924, 78, 720, 983, 1384, 541, 1375, 964, 495, 722, 973, 1232, 253, 877, 509, 1484, 1382, 1304, 501, 1345, 987, 1040, 981, 878, 1328, 1389, 534, 468, 455, 625, 517, 251, 704, 11, 999, 2, 942, 293, 531, 705, 618, 1317, 645, 443, 499, 1003, 1321, 1522, 1390, 717, 974, 1395, 144, 1017, 637, 1038, 968, 538, 1333, 396, 525, 961, 516, 636, 1336, 626, 624, 152, 513, 23, 724, 307, 718, 725, 912, 992, 168, 244, 504, 996, 1248, 334, 505, 1302, 943, 200, 703, 164, 1488, 1352, 74, 944, 965, 497, 456, 502, 239, 529, 1340, 611, 967, 975, 496, 511, 1394, 868, 1009, 520, 1331, 635, 984, 18, 1335, 1002, 1497, 1231, 528, 650, 171, 248, 1320, 309, 922, 712, 1309, 643, 535, 1311, 198, 860, 1246, 523, 1039, 1349, 1023, 1388, 542, 1397, 1381, 1339, 1225, 941, 187, 1379, 514, 1489, 12, 68, 1019, 295, 19, 62, 544, 1223, 948, 540, 518, 169, 1490, 1344, 297, 865, 808, 708, 179, 1316, 524, 920, 1243, 750, 680, 825, 683, 503, 740, 260, 1016, 58, 1307, 332, 915, 25, 452, 869, 1529, 937, 1500, 54, 318, 292, 700, 605, 69, 958, 5, 1310, 303, 993, 970, 710, 1301, 1368, 923, 1521, 247, 14, 515, 415, 197, 606, 1377, 1398, 510, 1115, 1236, 533, 163, 166, 976, 56, 957, 539, 1008, 913, 132, 236, 235, 9, 951, 1383, 30, 157, 522, 208, 53, 1314, 216, 727, 186, 819, 646, 458, 1319, 861, 245, 408, 1026, 151, 42, 1399, 1240, 950, 832, 322, 506, 610, 189, 306, 1000, 7, 165, 1342, 1396, 1312, 952, 972, 1387, 1106, 143, 620, 1486, 280, 330, 1498, 6, 1380, 221, 1354, 391, 827, 946, 1501, 320, 119, 726, 4, 1515, 1332, 962, 336, 1224, 240, 1292, 92, 980, 160, 15, 241, 298, 125, 409, 612, 1001, 928, 696, 694, 619, 714, 246, 1351, 321, 284, 217, 955, 1508, 1146, 35, 1400, 751, 1391, 617, 701, 1004, 1278, 698, 732, 689, 462, 66, 181, 1519, 1392, 199, 406, 1098, 29, 447, 75, 127, 331, 26, 1326, 153, 519, 8, 170, 1107, 1357, 426, 1363, 1358, 744, 644, 213, 918, 1341, 1402, 286, 642, 745, 287, 225, 994, 1233, 107, 546, 1005, 32, 879, 1361, 333, 1007, 991, 1505, 484, 254, 158, 172, 687, 883, 252, 628, 407, 793, 188, 820, 444, 154, 1093, 831, 947, 940, 614, 690, 71, 242, 1241, 811, 1346, 679, 1348, 1385, 212, 494, 106, 64, 956, 512, 31, 699, 142, 316, 685, 176, 285, 238, 933, 233, 829, 47, 686, 148, 997, 472, 733, 317, 323, 250, 945, 76, 234, 193, 404, 220, 482, 1401, 982, 1237, 688, 729, 59, 460, 229, 1372, 1021, 126, 289, 326, 1033, 49, 1286, 1347, 807, 1376, 1099, 1006, 954, 302, 304, 177, 1097, 1012, 543, 277, 3, 13, 232, 882, 872, 810, 1189, 1436, 417, 114, 1378, 57, 1, 174, 294, 1365, 22, 141, 678, 1010, 743, 122, 60, 579, 223, 454, 299, 399, 243, 124, 1105, 288, 741, 939, 258, 1094, 1510, 574, 255, 815, 228, 16, 1303, 601, 470, 230, 111, 211, 310, 465, 192, 1367, 184, 412, 173, 325, 613, 475, 1227, 1242, 953, 959, 445, 453, 149, 1275, 204, 79, 697, 919, 1492, 313, 1036, 799, 38, 1011, 1185, 231, 809, 800, 752, 63, 1355, 194, 402, 682, 1374, 1373, 219, 17, 792, 110, 210, 1523, 826, 218, 876, 249, 1100, 526, 39, 1356, 1334, 416, 812, 77, 490, 639, 870, 859, 1531, 1163, 112, 1404, 282, 435, 319, 787, 492, 817, 1288, 602, 65, 205, 702, 209, 597, 103, 681, 485, 736, 748, 72, 1297, 51, 730, 1362, 337, 1290, 191, 960, 266, 623, 1118, 461, 459, 1516, 43, 55, 488, 1281, 268, 1096, 457, 73, 117, 270, 487, 1360, 45, 749, 1112, 226, 315, 227, 830, 904, 747, 821, 448, 483, 464, 116, 400, 786, 818, 108, 881, 802, 463, 314, 784, 10, 1403, 1287, 1103, 1520, 1366, 1371, 824, 782, 21, 40, 621, 755, 1512, 616, 128, 449, 265, 1186, 273, 894, 61, 1014, 1095, 753, 215, 1386, 949, 115, 118, 20, 196, 329, 1393, 1153, 466, 1051, 1369, 113, 50, 161, 693, 139, 785, 1285, 1117, 608, 129, 327, 866, 1080, 207, 814, 742, 734, 684, 1142, 1172, 1509, 615, 48, 1088, 434, 632, 446, 737, 359, 467, 1293, 33, 272, 214, 224, 794, 884, 296, 1136, 37, 1451, 813, 1359, 758, 638, 1283, 1434, 474, 1294, 1518, 1179, 893, 478, 641, 271, 279, 105, 789, 1534, 413, 433, 28, 430, 600, 312, 804, 1527, 754, 425, 203, 783, 393, 1102, 357, 338, 291, 109, 1069, 895, 450, 746, 805, 27, 1296, 414, 657, 91, 1113, 183, 575, 262, 695, 477, 1119, 691, 891, 838, 563, 120, 121, 1116, 300, 419, 347, 692, 828, 654, 308, 1108, 739, 801, 1364, 46, 775, 1089, 335, 822, 1141, 757, 1056, 34, 1173, 473, 537, 1067, 1272, 604, 803, 1123, 1250, 1370, 1431, 479, 1456, 41, 571, 358, 788, 1085, 206, 1277, 863, 1234, 1110, 395, 776, 1156, 1280, 862, 979, 586, 44, 577, 353, 731, 664, 301, 339, 938, 1122, 263, 328, 649, 1101, 349, 1030, 1279, 1267, 202, 907, 1432, 1444, 796, 1183, 185, 1128, 356, 823, 52, 1514, 902, 1140, 190, 1266, 1524, 816, 781, 1104, 1191, 1177, 1256, 1193, 371, 436, 834, 548, 1276, 340, 1439, 1109, 1479, 1127, 427, 572, 1058, 1086, 1483, 1299, 668, 849, 420, 162, 491, 1441, 281, 1282, 835, 1070, 324, 665, 593, 1063, 1474, 1268, 438, 95, 655, 387, 351, 603, 259, 130, 90, 900, 899, 797, 97, 898, 1050, 777, 547, 584, 1037, 1184, 276, 1502, 562, 401, 630, 123, 275, 180, 341, 1440, 873, 486, 469, 1525, 567, 1081, 998, 1437, 99, 354, 1071, 770, 373, 609, 471, 1138, 559, 1284, 1485, 1295, 1130, 846, 906, 348, 1034, 875, 476, 1044, 677, 667, 1532, 1460, 1152, 1245, 845, 398, 989, 1482, 599, 594, 892, 885, 96, 663, 1264, 634, 1494, 178, 1137, 429, 1442, 558, 421, 375, 659, 1043, 36, 1513, 903, 1059, 1300, 908, 1258, 1084, 768, 405, 1251, 591, 1145, 833, 261, 856, 1448, 1473, 411, 135, 1291, 557, 576, 676, 378, 660, 1055, 1092, 342, 1261, 587, 589, 765, 570, 905, 389, 1125, 607, 274, 1198, 1048, 669, 1162, 222, 94, 102, 1111, 1208, 1410, 1459, 1175, 424, 564, 201, 346, 1121, 1062, 1090, 1167, 762, 167, 1029, 590, 138, 887, 1204, 1496, 852, 418, 1209, 1212, 1161, 1475, 362, 1289, 653, 344, 1414, 651, 1190, 1024, 1194, 1218, 81, 1458, 1083, 1065, 156, 592, 376, 1129, 551, 98, 1255, 934, 1170, 911, 1249, 1265, 422, 760, 851, 1082, 848, 1054, 1213, 566, 1079, 1517, 1168, 1405, 1157, 1421, 1499, 1263, 1462, 367, 89, 1254, 1464, 1192, 1417, 857, 917, 146, 385, 1455, 675, 778, 847, 779, 88, 1219, 1015, 379, 1427, 1205, 394, 1188, 1091, 131, 1132, 432, 1533, 1412, 795, 1149, 441, 355, 155, 1134, 759, 1061, 381, 673, 550, 1057, 1453, 1181, 361, 855, 925, 1528, 1203, 901, 343, 1425, 1270, 1171, 1076, 661, 909, 82, 772, 735, 1131, 1262, 1165, 1480, 1214, 1027, 1446, 1407, 561, 383, 588, 159, 842, 100, 1493, 1472, 1066, 1418, 596, 1201, 365, 1463, 481, 134, 1471, 1150, 380, 1247, 798, 1406, 392, 1144, 1217, 1196, 556, 854, 926, 1046, 1159, 1216, 1415, 1478, 267, 662, 80, 195, 1526, 598, 366, 916, 1160, 1435, 767, 1269, 1433, 1409, 582, 423, 364, 756, 580, 897, 269, 1166, 790, 836, 428, 1413, 1438, 140, 931, 369, 1477, 560, 858, 1507, 1207, 1143, 1199, 921, 896, 87, 1064, 1503, 439, 386, 936, 565, 137, 1182, 569, 1411, 1257, 764, 1443, 345, 656, 1073, 384, 773, 1197, 1047, 1423, 841, 1469, 86, 1260, 670, 480, 1424, 1180, 780, 1120, 1164, 374, 1200, 1461, 382, 150, 437, 555, 578, 839, 935, 889, 1068, 1053, 1487, 910, 1215, 489, 1151, 1457, 1041, 93, 1416, 585, 853, 403, 1506, 1025, 553, 771, 1124, 1077, 850, 1195, 1221, 1148, 666, 1315, 1429, 1468, 1445, 145, 104, 370, 264, 1049, 1252, 1139, 1187, 932, 360, 1259, 1419, 1211, 147, 1169, 1447, 552, 101, 766, 658, 390, 886, 927, 595, 791, 1420, 305, 1087, 843, 283, 1495, 1466, 1210, 1060, 1476, 1273, 1428, 1449, 1158, 83, 674, 372, 581, 1470, 568, 769, 1020, 1072, 1133, 431, 1220, 1408, 84, 278, 352, 350, 930, 397, 388, 182, 671, 761, 1042, 583, 844, 1155, 1178, 1206, 1274, 1426, 1075, 1454, 1467, 368, 1504, 1530, 133, 549, 440, 837, 672, 888, 763, 914, 1052, 1078, 1135, 1174, 1222, 1271, 1430, 1450, 1147, 1465


Tempo de Execuçao: 397.586209 s

