Trabalho de Grafos
Autor: Helder Linhares Bertoldo dos Reis
Matrícula: 201465555A


- Análise do Grafo -

Número de Vértices: 945
Número de Arestas: 58549



Algoritmo Construtivo Guloso
Cobertura de Menor Custo: 913
Vertices Utilizados: 
399, 388, 391, 387, 390, 381, 187, 382, 384, 392, 186, 386, 267, 394, 188, 398, 380, 183, 393, 435, 424, 428, 176, 438, 397, 441, 395, 582, 189, 422, 776, 425, 538, 342, 385, 389, 171, 539, 169, 264, 349, 379, 545, 173, 237, 324, 273, 344, 580, 127, 174, 295, 322, 353, 439, 579, 181, 396, 717, 774, 927, 131, 182, 234, 577, 184, 242, 534, 272, 356, 249, 328, 143, 926, 254, 350, 440, 770, 252, 588, 175, 257, 352, 531, 586, 932, 97, 235, 256, 532, 138, 179, 180, 233, 255, 765, 827, 341, 437, 773, 73, 355, 141, 236, 383, 569, 178, 253, 337, 436, 130, 336, 343, 763, 70, 172, 701, 129, 185, 204, 345, 731, 939, 140, 260, 41, 247, 434, 578, 139, 347, 454, 707, 718, 768, 944, 134, 170, 208, 240, 775, 244, 529, 777, 145, 269, 453, 930, 177, 241, 568, 760, 78, 147, 245, 348, 433, 258, 458, 133, 206, 332, 339, 427, 526, 715, 762, 833, 66, 135, 709, 67, 338, 541, 573, 132, 199, 455, 710, 757, 459, 536, 581, 144, 759, 929, 101, 340, 196, 238, 271, 728, 766, 832, 767, 887, 31, 216, 461, 771, 903, 937, 198, 430, 575, 250, 261, 311, 891, 88, 351, 431, 584, 753, 263, 451, 758, 836, 76, 705, 938, 137, 232, 265, 314, 462, 543, 39, 87, 737, 769, 227, 323, 370, 450, 546, 571, 725, 739, 824, 40, 128, 655, 942, 211, 246, 266, 290, 331, 445, 723, 38, 248, 432, 587, 671, 215, 442, 544, 200, 375, 448, 803, 203, 270, 280, 706, 900, 306, 371, 460, 719, 761, 596, 613, 784, 823, 25, 221, 251, 320, 366, 456, 714, 740, 838, 357, 902, 452, 476, 666, 727, 751, 818, 98, 592, 310, 321, 668, 142, 209, 213, 805, 837, 892, 30, 150, 330, 447, 597, 721, 925, 218, 313, 365, 667, 934, 148, 201, 335, 369, 457, 239, 305, 485, 576, 889, 24, 329, 785, 894, 3, 36, 100, 197, 268, 346, 798, 80, 104, 307, 319, 361, 632, 653, 800, 895, 33, 226, 326, 449, 161, 262, 528, 609, 834, 890, 37, 81, 287, 744, 12, 299, 317, 648, 657, 782, 842, 421, 594, 669, 729, 899, 28, 146, 316, 742, 764, 796, 812, 585, 884, 941, 64, 89, 165, 223, 590, 659, 23, 74, 304, 325, 606, 619, 864, 99, 214, 243, 624, 645, 732, 752, 870, 943, 334, 652, 754, 794, 819, 872, 96, 302, 572, 595, 160, 283, 602, 713, 745, 790, 807, 16, 55, 376, 530, 893, 69, 95, 167, 212, 730, 898, 27, 327, 354, 443, 491, 542, 583, 656, 734, 780, 863, 163, 378, 603, 636, 741, 811, 839, 32, 61, 82, 193, 779, 14, 152, 288, 494, 533, 783, 817, 623, 644, 29, 86, 125, 157, 296, 362, 605, 844, 19, 279, 303, 444, 815, 65, 85, 123, 281, 604, 672, 905, 21, 159, 228, 835, 873, 50, 202, 358, 446, 525, 649, 936, 108, 224, 479, 621, 680, 722, 772, 867, 1, 75, 589, 687, 712, 56, 105, 111, 557, 622, 912, 158, 207, 286, 404, 631, 792, 799, 84, 472, 498, 654, 886, 920, 34, 91, 156, 220, 308, 570, 601, 660, 720, 778, 809, 8, 363, 928, 44, 120, 377, 466, 501, 599, 610, 650, 665, 683, 738, 791, 535, 694, 849, 901, 945, 2, 591, 646, 664, 678, 35, 151, 500, 508, 593, 726, 755, 795, 862, 11, 109, 168, 285, 633, 853, 904, 478, 495, 505, 540, 684, 735, 825, 4, 58, 149, 312, 318, 368, 618, 688, 789, 814, 122, 192, 259, 292, 661, 9, 42, 77, 126, 166, 309, 333, 484, 562, 685, 747, 843, 17, 136, 205, 419, 464, 521, 639, 686, 781, 883, 53, 94, 231, 364, 565, 850, 869, 412, 469, 512, 663, 704, 748, 906, 416, 548, 614, 692, 896, 917, 225, 284, 488, 511, 564, 693, 724, 802, 826, 110, 405, 499, 638, 750, 786, 808, 841, 921, 15, 164, 360, 465, 507, 647, 820, 93, 514, 574, 612, 675, 882, 60, 83, 114, 289, 401, 550, 615, 700, 861, 910, 935, 26, 191, 417, 463, 496, 509, 551, 708, 291, 616, 673, 736, 828, 846, 871, 918, 10, 45, 107, 298, 410, 467, 490, 552, 658, 695, 877, 72, 414, 516, 617, 674, 703, 756, 787, 922, 940, 48, 230, 372, 418, 470, 503, 854, 897, 7, 112, 195, 373, 475, 859, 868, 49, 117, 277, 486, 549, 628, 643, 919, 51, 119, 294, 297, 415, 481, 506, 553, 681, 813, 858, 876, 923, 931, 92, 556, 635, 840, 20, 407, 482, 492, 515, 558, 746, 788, 845, 881, 908, 57, 115, 374, 411, 519, 563, 626, 634, 806, 831, 916, 59, 124, 217, 275, 473, 607, 640, 682, 851, 210, 400, 487, 518, 537, 627, 696, 804, 18, 52, 102, 403, 504, 554, 629, 689, 697, 716, 866, 907, 54, 71, 118, 153, 282, 426, 471, 513, 561, 848, 879, 924, 402, 522, 670, 13, 46, 155, 278, 413, 559, 637, 679, 733, 743, 852, 865, 888, 22, 113, 474, 524, 600, 691, 699, 856, 62, 90, 293, 406, 483, 547, 611, 822, 857, 875, 909, 154, 229, 300, 423, 493, 517, 560, 641, 830, 911, 6, 43, 190, 367, 420, 497, 523, 625, 690, 698, 810, 63, 68, 106, 219, 276, 468, 555, 598, 651, 711, 847, 874, 913, 116, 194, 301, 408, 477, 489, 510, 566, 620, 676, 793, 801, 821, 855, 878, 914
Tempo de Execuçao: 0.734879 s


Algoritmo Construtivo Guloso Randomizado
--- Descrição da Cobertura Mínimal em Custo de Vértices Ponderados ---

Alfa: 0.150000
Cobertura de Menor Custo: 913
Melhor Semente: 3
Vertices utilizados: 
249, 252, 343, 260, 328, 539, 241, 185, 388, 255, 179, 381, 41, 545, 394, 342, 427, 926, 428, 181, 440, 258, 932, 339, 257, 266, 235, 389, 240, 391, 352, 189, 430, 424, 767, 250, 421, 422, 380, 588, 398, 927, 579, 171, 942, 384, 324, 97, 531, 138, 584, 582, 39, 269, 577, 170, 385, 760, 172, 541, 538, 838, 129, 436, 227, 132, 765, 131, 568, 396, 351, 383, 140, 833, 939, 938, 769, 184, 762, 390, 272, 586, 379, 337, 336, 435, 273, 245, 145, 143, 714, 198, 731, 345, 740, 438, 757, 529, 236, 349, 237, 929, 232, 393, 344, 717, 455, 930, 459, 347, 332, 766, 532, 763, 173, 578, 458, 297, 439, 70, 78, 234, 353, 776, 937, 204, 386, 182, 534, 305, 571, 581, 569, 314, 725, 67, 322, 128, 251, 434, 246, 350, 667, 891, 38, 263, 356, 66, 87, 244, 307, 744, 827, 144, 580, 751, 267, 134, 31, 425, 169, 208, 127, 233, 441, 177, 451, 433, 101, 887, 176, 320, 259, 698, 543, 196, 24, 23, 761, 142, 704, 306, 341, 253, 705, 135, 139, 247, 832, 199, 727, 900, 175, 290, 130, 575, 180, 166, 666, 718, 270, 592, 40, 211, 323, 216, 775, 261, 925, 69, 73, 445, 454, 348, 659, 90, 338, 334, 587, 382, 755, 395, 768, 327, 739, 712, 526, 242, 710, 88, 721, 546, 313, 707, 669, 943, 300, 536, 218, 782, 713, 709, 895, 885, 163, 104, 456, 742, 777, 460, 596, 254, 80, 148, 461, 188, 732, 902, 238, 890, 668, 178, 437, 137, 903, 366, 319, 32, 397, 311, 346, 335, 884, 528, 369, 30, 753, 941, 304, 737, 803, 399, 597, 141, 728, 197, 790, 944, 653, 33, 603, 310, 100, 77, 836, 449, 206, 423, 754, 256, 84, 723, 285, 287, 745, 772, 759, 431, 76, 715, 147, 321, 183, 442, 901, 818, 798, 161, 595, 609, 365, 262, 462, 872, 573, 289, 432, 663, 133, 893, 271, 317, 899, 392, 215, 99, 452, 354, 299, 485, 701, 771, 613, 303, 665, 37, 894, 105, 243, 35, 589, 98, 706, 355, 933, 572, 264, 447, 774, 784, 281, 655, 779, 165, 316, 703, 361, 150, 453, 708, 734, 325, 741, 913, 265, 867, 789, 363, 288, 807, 817, 426, 12, 228, 85, 494, 42, 694, 81, 719, 743, 248, 770, 375, 940, 15, 3, 292, 830, 824, 621, 296, 387, 773, 357, 1, 729, 764, 340, 585, 201, 892, 791, 866, 370, 794, 576, 809, 631, 28, 606, 362, 295, 450, 780, 367, 160, 187, 604, 945, 738, 525, 203, 174, 805, 192, 934, 443, 783, 594, 448, 239, 672, 202, 614, 530, 671, 652, 870, 86, 302, 329, 376, 792, 785, 654, 602, 36, 624, 276, 96, 864, 644, 16, 657, 157, 19, 898, 125, 600, 850, 111, 835, 318, 331, 152, 371, 27, 535, 800, 590, 268, 859, 752, 186, 758, 280, 312, 404, 108, 74, 50, 82, 501, 2, 802, 735, 330, 886, 904, 223, 476, 869, 364, 444, 812, 326, 25, 14, 574, 680, 842, 815, 583, 91, 632, 231, 646, 896, 123, 928, 916, 781, 643, 89, 457, 209, 935, 214, 562, 159, 9, 748, 419, 68, 293, 661, 8, 226, 499, 298, 645, 889, 168, 883, 619, 557, 472, 44, 660, 688, 64, 283, 778, 700, 871, 724, 34, 605, 95, 912, 849, 921, 799, 905, 931, 469, 756, 286, 693, 55, 540, 106, 309, 401, 796, 565, 21, 114, 936, 786, 684, 920, 505, 221, 120, 607, 610, 844, 360, 509, 482, 470, 195, 788, 279, 622, 917, 878, 117, 623, 167, 873, 372, 874, 556, 503, 151, 406, 629, 683, 863, 648, 22, 415, 149, 511, 378, 377, 466, 806, 126, 795, 542, 834, 446, 491, 839, 46, 205, 819, 220, 860, 488, 115, 552, 537, 591, 5, 851, 675, 416, 650, 474, 212, 483, 692, 146, 500, 520, 498, 521, 308, 548, 664, 18, 407, 918, 702, 747, 876, 897, 681, 479, 136, 112, 83, 93, 633, 58, 882, 843, 57, 48, 699, 409, 611, 374, 618, 730, 17, 225, 687, 478, 75, 820, 496, 854, 156, 814, 599, 122, 417, 486, 906, 647, 564, 484, 291, 662, 284, 551, 508, 121, 554, 481, 191, 514, 674, 853, 922, 61, 506, 828, 639, 649, 907, 658, 601, 678, 808, 51, 720, 4, 224, 467, 207, 787, 846, 412, 616, 358, 54, 637, 468, 697, 45, 512, 673, 405, 746, 10, 570, 682, 561, 495, 107, 628, 823, 533, 625, 793, 109, 841, 368, 825, 881, 487, 559, 62, 294, 164, 49, 410, 555, 418, 617, 593, 522, 92, 118, 852, 26, 549, 230, 689, 656, 544, 634, 519, 858, 72, 722, 29, 213, 612, 158, 518, 473, 879, 278, 11, 691, 490, 465, 563, 829, 924, 119, 53, 71, 686, 403, 695, 670, 210, 615, 558, 513, 59, 915, 801, 413, 6, 515, 910, 750, 733, 492, 373, 102, 840, 463, 856, 60, 504, 677, 813, 636, 480, 880, 837, 641, 400, 229, 110, 516, 908, 547, 868, 685, 153, 190, 52, 811, 855, 274, 848, 493, 411, 822, 217, 193, 63, 923, 640, 553, 154, 608, 620, 79, 408, 638, 510, 523, 7, 651, 627, 679, 810, 857, 862, 124, 909, 282, 477, 865, 550, 635, 502, 726, 200, 43, 103, 275, 919, 402, 831, 464, 497, 527, 560, 524, 690, 821, 301, 847, 749, 845, 116, 20, 222, 56, 471, 155, 420, 567, 507, 696, 630, 816, 875, 914


Alfa: 0.250000
Cobertura de Menor Custo: 915
Melhor Semente: 5
Vertices utilizados: 
434, 762, 271, 175, 744, 340, 339, 186, 582, 710, 239, 227, 392, 236, 439, 774, 930, 181, 73, 257, 381, 529, 182, 926, 185, 328, 255, 763, 173, 440, 208, 761, 436, 90, 253, 541, 773, 769, 944, 324, 398, 174, 771, 141, 242, 725, 295, 731, 389, 431, 579, 129, 838, 338, 707, 263, 581, 297, 938, 428, 394, 345, 269, 204, 39, 432, 569, 390, 391, 349, 455, 347, 213, 135, 325, 580, 709, 183, 387, 770, 308, 150, 423, 248, 232, 380, 937, 238, 331, 172, 128, 531, 825, 266, 196, 353, 305, 538, 388, 341, 927, 306, 527, 836, 337, 344, 767, 316, 577, 80, 247, 928, 433, 171, 140, 287, 237, 933, 66, 546, 127, 233, 98, 87, 302, 320, 571, 270, 587, 723, 41, 718, 942, 285, 426, 739, 130, 438, 704, 450, 528, 170, 131, 31, 76, 903, 100, 251, 335, 216, 442, 603, 766, 712, 929, 180, 250, 757, 355, 256, 240, 169, 143, 539, 187, 898, 943, 575, 588, 260, 751, 891, 453, 300, 163, 445, 715, 765, 32, 70, 354, 188, 30, 375, 889, 784, 734, 36, 351, 701, 25, 212, 179, 424, 900, 827, 667, 218, 458, 422, 228, 357, 322, 576, 573, 435, 382, 941, 311, 23, 265, 343, 721, 67, 752, 252, 459, 451, 241, 105, 895, 267, 485, 653, 264, 157, 206, 939, 249, 902, 95, 385, 97, 421, 665, 261, 352, 189, 296, 138, 535, 782, 28, 753, 396, 652, 462, 727, 890, 132, 148, 925, 759, 289, 536, 327, 737, 706, 199, 336, 655, 40, 145, 348, 200, 38, 461, 33, 211, 719, 886, 326, 441, 166, 254, 885, 184, 244, 272, 717, 393, 334, 102, 425, 303, 205, 399, 698, 460, 84, 760, 371, 209, 671, 754, 589, 203, 262, 776, 42, 350, 139, 526, 427, 935, 934, 386, 584, 785, 839, 724, 430, 64, 366, 805, 756, 833, 16, 134, 447, 379, 777, 732, 568, 259, 896, 613, 12, 632, 905, 607, 369, 395, 446, 323, 872, 356, 791, 818, 708, 586, 448, 668, 312, 714, 606, 775, 258, 281, 161, 290, 694, 373, 104, 672, 792, 829, 476, 83, 215, 894, 474, 873, 235, 136, 500, 24, 578, 144, 666, 842, 585, 796, 574, 94, 317, 75, 864, 815, 198, 176, 803, 234, 590, 314, 298, 870, 304, 363, 901, 913, 917, 945, 91, 245, 89, 758, 178, 540, 313, 622, 592, 835, 703, 268, 1, 291, 457, 624, 310, 280, 593, 69, 648, 37, 146, 713, 850, 61, 454, 384, 893, 595, 108, 50, 383, 58, 456, 745, 81, 243, 800, 657, 85, 55, 472, 165, 605, 543, 798, 377, 365, 936, 4, 614, 534, 307, 545, 416, 631, 225, 191, 137, 9, 330, 572, 494, 629, 479, 772, 861, 193, 367, 19, 788, 452, 437, 680, 530, 123, 99, 221, 149, 650, 101, 142, 621, 779, 817, 768, 853, 346, 27, 623, 444, 35, 597, 214, 491, 397, 68, 273, 283, 823, 449, 914, 932, 194, 683, 417, 505, 647, 111, 14, 342, 246, 120, 190, 659, 378, 78, 742, 192, 656, 783, 133, 21, 168, 2, 883, 3, 802, 809, 764, 319, 819, 332, 226, 866, 811, 729, 786, 542, 443, 882, 604, 867, 601, 591, 224, 151, 160, 799, 700, 484, 525, 279, 499, 376, 318, 797, 470, 790, 878, 532, 609, 619, 832, 639, 86, 362, 370, 152, 674, 114, 34, 596, 780, 807, 910, 602, 88, 8, 880, 611, 643, 274, 329, 812, 849, 795, 177, 693, 372, 410, 53, 887, 360, 54, 906, 660, 730, 554, 610, 743, 106, 374, 468, 844, 778, 509, 599, 463, 501, 821, 125, 689, 594, 862, 282, 288, 728, 750, 18, 26, 29, 548, 834, 654, 830, 109, 514, 884, 112, 854, 600, 117, 364, 892, 556, 687, 781, 669, 557, 503, 920, 521, 197, 843, 858, 907, 740, 869, 358, 44, 466, 74, 301, 321, 292, 492, 475, 627, 126, 558, 789, 615, 220, 411, 544, 498, 673, 916, 702, 158, 404, 899, 733, 207, 874, 520, 77, 286, 5, 736, 658, 634, 522, 720, 167, 202, 164, 465, 636, 644, 59, 553, 512, 562, 808, 6, 859, 684, 922, 217, 912, 675, 504, 156, 608, 646, 625, 551, 570, 299, 662, 846, 467, 122, 649, 860, 229, 691, 11, 741, 516, 688, 409, 547, 284, 195, 612, 418, 489, 816, 361, 415, 159, 507, 637, 664, 828, 10, 483, 359, 60, 841, 940, 705, 746, 564, 147, 508, 92, 223, 793, 628, 43, 726, 676, 794, 645, 96, 294, 45, 477, 493, 408, 561, 56, 871, 909, 735, 412, 550, 110, 537, 107, 15, 678, 663, 617, 406, 511, 413, 119, 277, 868, 401, 845, 480, 17, 219, 699, 563, 486, 115, 863, 813, 855, 162, 47, 641, 686, 679, 71, 276, 820, 469, 651, 831, 738, 93, 490, 309, 618, 517, 924, 506, 405, 685, 897, 155, 801, 51, 565, 333, 904, 481, 921, 840, 46, 877, 471, 583, 515, 79, 559, 879, 711, 57, 495, 519, 695, 210, 856, 837, 635, 692, 488, 523, 923, 620, 848, 230, 293, 555, 851, 368, 915, 52, 616, 400, 814, 690, 419, 638, 478, 748, 566, 103, 487, 72, 62, 473, 513, 549, 13, 875, 116, 918, 496, 414, 806, 48, 113, 118, 826, 552, 420, 510, 852, 747, 49, 407, 633, 201, 696, 65, 810, 524, 642, 7, 626, 682, 315, 533, 716, 464, 911, 403, 154, 677, 865, 222, 275, 560, 661, 121, 755, 822, 804, 497, 876, 881, 22, 20, 787, 847, 82, 231, 124, 278, 153, 919


Alfa: 0.350000
Cobertura de Menor Custo: 918
Melhor Semente: 25
Vertices utilizados: 
394, 397, 836, 235, 577, 350, 385, 302, 172, 248, 609, 387, 944, 345, 181, 187, 822, 269, 827, 725, 926, 33, 176, 144, 140, 324, 267, 386, 257, 242, 352, 170, 838, 101, 380, 234, 927, 179, 698, 732, 392, 299, 180, 152, 384, 339, 206, 526, 928, 596, 459, 159, 305, 327, 70, 528, 341, 839, 40, 589, 356, 423, 587, 250, 761, 774, 138, 182, 727, 131, 336, 768, 26, 571, 177, 760, 454, 238, 759, 902, 244, 251, 349, 174, 149, 945, 142, 532, 396, 348, 228, 667, 351, 307, 188, 150, 535, 734, 169, 424, 148, 937, 568, 203, 189, 253, 537, 87, 98, 23, 32, 353, 719, 451, 171, 254, 261, 735, 771, 41, 270, 212, 89, 575, 825, 194, 143, 311, 829, 335, 232, 436, 289, 770, 737, 742, 440, 538, 701, 147, 934, 430, 185, 485, 285, 438, 442, 832, 35, 252, 145, 215, 584, 765, 260, 718, 542, 346, 184, 249, 842, 437, 428, 25, 763, 533, 784, 223, 205, 426, 383, 544, 758, 300, 173, 318, 434, 241, 76, 546, 539, 772, 833, 366, 137, 452, 390, 65, 393, 78, 325, 712, 433, 762, 355, 201, 721, 183, 226, 530, 943, 714, 259, 334, 432, 569, 576, 585, 73, 603, 932, 92, 314, 264, 715, 316, 178, 755, 752, 929, 645, 942, 344, 606, 669, 337, 586, 357, 887, 303, 135, 751, 707, 745, 317, 211, 71, 134, 653, 295, 920, 287, 227, 790, 233, 240, 246, 896, 724, 323, 296, 91, 57, 885, 744, 660, 425, 256, 388, 391, 594, 326, 332, 104, 427, 753, 237, 913, 371, 381, 570, 805, 64, 133, 273, 129, 704, 310, 36, 243, 330, 446, 812, 80, 890, 892, 764, 132, 190, 328, 791, 160, 870, 796, 198, 800, 916, 347, 536, 439, 654, 69, 208, 900, 671, 766, 803, 197, 769, 263, 462, 648, 728, 422, 888, 578, 445, 85, 835, 657, 435, 794, 903, 375, 209, 529, 583, 368, 613, 3, 597, 614, 899, 776, 272, 42, 255, 722, 767, 588, 421, 97, 77, 141, 580, 395, 268, 778, 306, 591, 161, 668, 581, 739, 284, 815, 166, 139, 453, 936, 338, 883, 224, 86, 370, 798, 219, 265, 665, 706, 458, 817, 127, 321, 168, 898, 278, 196, 74, 906, 702, 15, 478, 930, 743, 84, 720, 94, 443, 491, 726, 709, 24, 276, 146, 448, 666, 649, 29, 245, 917, 731, 740, 27, 818, 247, 66, 262, 939, 204, 664, 31, 754, 361, 705, 322, 30, 38, 940, 389, 16, 342, 157, 543, 912, 811, 615, 600, 783, 449, 378, 319, 95, 100, 599, 399, 372, 457, 304, 329, 773, 872, 573, 239, 775, 369, 363, 643, 343, 777, 925, 659, 877, 165, 217, 8, 694, 590, 455, 461, 200, 4, 616, 850, 730, 499, 534, 231, 404, 67, 605, 545, 834, 281, 632, 379, 266, 123, 53, 382, 163, 863, 886, 271, 476, 893, 460, 871, 779, 866, 894, 472, 844, 44, 398, 781, 331, 864, 488, 804, 45, 28, 686, 374, 729, 214, 889, 513, 717, 525, 650, 823, 619, 50, 37, 81, 554, 175, 901, 484, 290, 814, 213, 362, 126, 96, 12, 880, 531, 579, 856, 884, 258, 747, 789, 18, 364, 444, 557, 797, 75, 688, 548, 105, 655, 39, 88, 826, 510, 869, 309, 504, 412, 799, 750, 291, 58, 136, 441, 125, 13, 21, 167, 738, 20, 156, 905, 631, 700, 684, 153, 220, 807, 508, 687, 83, 595, 55, 9, 602, 540, 601, 19, 607, 685, 795, 855, 629, 274, 680, 611, 621, 106, 313, 646, 222, 475, 115, 662, 661, 479, 626, 112, 109, 693, 592, 192, 470, 195, 787, 622, 288, 360, 941, 541, 11, 365, 308, 417, 496, 802, 809, 604, 466, 663, 225, 2, 593, 861, 492, 409, 678, 401, 186, 780, 891, 612, 924, 756, 634, 199, 283, 450, 501, 474, 642, 820, 221, 506, 164, 59, 830, 786, 216, 741, 656, 560, 1, 498, 516, 843, 682, 938, 298, 17, 102, 403, 218, 710, 505, 723, 689, 51, 469, 551, 555, 521, 757, 463, 617, 493, 549, 151, 910, 509, 358, 456, 574, 782, 108, 841, 862, 293, 120, 494, 359, 859, 681, 908, 637, 624, 34, 47, 582, 636, 785, 10, 793, 122, 312, 931, 873, 473, 882, 819, 294, 672, 419, 522, 405, 193, 56, 128, 647, 471, 673, 158, 677, 547, 909, 708, 867, 567, 275, 511, 598, 565, 340, 413, 354, 414, 114, 695, 623, 130, 512, 54, 507, 292, 670, 111, 447, 489, 895, 847, 119, 68, 406, 610, 60, 490, 851, 481, 202, 465, 410, 824, 716, 572, 923, 792, 848, 857, 467, 915, 813, 875, 49, 633, 230, 828, 558, 210, 674, 6, 552, 675, 191, 640, 679, 919, 43, 418, 904, 416, 628, 117, 99, 713, 879, 852, 644, 82, 517, 464, 280, 831, 367, 121, 500, 691, 553, 61, 858, 550, 523, 110, 696, 482, 487, 692, 860, 854, 236, 562, 907, 703, 627, 618, 297, 402, 865, 52, 853, 922, 411, 683, 107, 155, 483, 639, 566, 113, 286, 837, 868, 518, 22, 376, 486, 810, 162, 801, 320, 103, 748, 497, 90, 561, 635, 377, 878, 840, 749, 559, 63, 625, 808, 124, 630, 849, 415, 914, 282, 408, 5, 72, 515, 503, 921, 519, 556, 315, 816, 431, 62, 846, 229, 733, 874, 207, 641, 400, 480, 697, 514, 116, 676, 14, 277, 699, 407, 520, 502, 527, 736, 638, 563, 652, 48, 911, 788, 821, 935, 876, 897, 301, 468


Tempo de Execuçao: 67.123562 s

Algoritmo Construtivo Guloso Randomizado Reativo
--- Descrição da Cobertura Mínimal em Custo de Vértices Ponderados ---

Alfa: 0.100000
Cobertura de Menor Custo: 912
Vertices utilizados: 
234, 441, 241, 244, 425, 394, 338, 395, 353, 356, 927, 337, 717, 324, 273, 173, 398, 433, 341, 184, 382, 393, 545, 396, 242, 438, 188, 236, 181, 348, 342, 580, 272, 97, 186, 437, 127, 939, 176, 189, 588, 178, 379, 539, 252, 255, 773, 765, 383, 131, 172, 586, 569, 380, 41, 926, 381, 264, 421, 258, 269, 177, 256, 185, 237, 350, 762, 179, 247, 577, 422, 143, 538, 182, 439, 390, 387, 31, 343, 775, 584, 344, 339, 355, 340, 541, 257, 710, 930, 140, 260, 528, 440, 254, 180, 183, 147, 336, 385, 386, 328, 135, 431, 573, 389, 139, 208, 67, 322, 384, 305, 399, 582, 701, 171, 424, 771, 568, 73, 271, 134, 531, 352, 769, 454, 204, 187, 768, 232, 760, 455, 235, 944, 169, 543, 175, 351, 132, 753, 578, 199, 458, 776, 942, 532, 198, 101, 170, 250, 265, 731, 757, 434, 248, 227, 137, 759, 459, 707, 932, 579, 144, 84, 537, 767, 581, 323, 145, 891, 836, 78, 332, 39, 240, 391, 397, 763, 245, 938, 392, 311, 141, 133, 388, 534, 451, 571, 833, 345, 694, 655, 925, 766, 427, 435, 268, 453, 929, 770, 725, 432, 526, 704, 428, 715, 740, 98, 174, 88, 196, 723, 253, 462, 38, 445, 832, 130, 249, 706, 261, 587, 758, 461, 777, 450, 70, 25, 714, 246, 313, 887, 370, 243, 423, 900, 826, 66, 233, 251, 285, 667, 575, 218, 671, 128, 331, 104, 129, 724, 613, 597, 739, 596, 40, 721, 536, 211, 784, 238, 727, 319, 142, 761, 592, 295, 148, 375, 310, 203, 349, 76, 228, 928, 430, 209, 442, 316, 839, 267, 371, 892, 798, 718, 903, 934, 827, 751, 889, 369, 824, 752, 314, 728, 259, 546, 96, 213, 899, 80, 289, 28, 270, 818, 304, 32, 709, 307, 361, 346, 283, 321, 404, 138, 194, 87, 460, 36, 657, 263, 737, 902, 800, 705, 306, 937, 653, 366, 619, 659, 216, 150, 33, 81, 85, 476, 485, 834, 456, 329, 457, 266, 803, 741, 791, 585, 197, 287, 335, 744, 201, 884, 589, 665, 895, 449, 3, 494, 668, 719, 320, 239, 12, 734, 890, 745, 796, 603, 782, 296, 941, 838, 436, 894, 58, 913, 632, 152, 572, 288, 893, 805, 167, 86, 624, 347, 742, 334, 815, 365, 590, 631, 708, 37, 202, 872, 712, 326, 354, 206, 444, 783, 448, 491, 362, 652, 732, 357, 713, 850, 299, 24, 943, 303, 792, 785, 594, 656, 30, 207, 812, 68, 669, 870, 842, 280, 71, 666, 735, 330, 95, 885, 77, 940, 447, 452, 772, 363, 89, 19, 159, 807, 160, 317, 809, 729, 378, 327, 446, 867, 219, 100, 215, 621, 291, 764, 886, 602, 604, 779, 23, 606, 648, 11, 660, 600, 281, 161, 2, 290, 901, 262, 298, 754, 14, 42, 221, 570, 426, 774, 376, 945, 443, 644, 325, 226, 530, 123, 609, 905, 297, 318, 16, 802, 849, 55, 591, 898, 4, 126, 163, 292, 535, 817, 168, 722, 50, 916, 794, 583, 595, 64, 755, 165, 8, 654, 166, 863, 472, 120, 831, 936, 27, 358, 664, 650, 224, 111, 693, 231, 157, 874, 643, 574, 743, 854, 302, 108, 102, 35, 474, 935, 615, 683, 300, 99, 15, 312, 554, 738, 859, 34, 790, 17, 367, 896, 864, 125, 61, 910, 623, 193, 279, 364, 542, 482, 795, 920, 883, 904, 548, 151, 308, 607, 688, 778, 684, 212, 599, 117, 146, 20, 525, 844, 490, 869, 466, 149, 479, 75, 797, 806, 69, 781, 499, 122, 716, 629, 416, 921, 29, 501, 639, 680, 860, 533, 906, 789, 614, 156, 110, 862, 550, 360, 672, 91, 700, 780, 522, 873, 309, 90, 853, 703, 44, 605, 897, 748, 511, 293, 917, 931, 633, 508, 730, 512, 18, 484, 409, 74, 13, 675, 210, 687, 158, 814, 109, 918, 552, 622, 417, 410, 51, 377, 799, 851, 93, 564, 53, 481, 483, 500, 819, 559, 689, 214, 837, 514, 463, 9, 488, 576, 634, 649, 663, 516, 284, 601, 678, 681, 750, 195, 907, 611, 840, 164, 695, 368, 726, 788, 223, 612, 373, 557, 105, 610, 406, 820, 823, 843, 192, 119, 48, 469, 509, 865, 220, 811, 136, 114, 686, 912, 405, 46, 551, 674, 845, 746, 645, 888, 112, 412, 415, 507, 558, 871, 277, 786, 407, 467, 498, 861, 191, 626, 835, 640, 922, 720, 59, 56, 692, 60, 808, 617, 549, 651, 79, 881, 636, 477, 400, 497, 294, 7, 521, 924, 106, 401, 504, 118, 473, 747, 282, 92, 562, 49, 495, 658, 225, 26, 411, 517, 841, 878, 54, 540, 374, 519, 593, 825, 563, 879, 858, 217, 696, 162, 620, 21, 691, 276, 518, 555, 418, 628, 635, 487, 107, 475, 529, 682, 813, 670, 877, 52, 880, 908, 403, 486, 736, 505, 190, 733, 848, 286, 464, 566, 465, 547, 804, 637, 821, 524, 62, 702, 230, 372, 618, 923, 492, 413, 513, 855, 43, 882, 685, 468, 408, 553, 676, 121, 616, 608, 816, 153, 82, 556, 57, 523, 496, 698, 829, 868, 478, 756, 846, 915, 630, 115, 200, 65, 642, 275, 673, 420, 647, 822, 506, 560, 5, 63, 699, 503, 471, 6, 911, 414, 510, 116, 661, 852, 810, 567, 679, 875, 919, 527, 154, 94, 857, 470, 222, 489, 641, 625, 315, 787, 697, 830, 1, 72, 515, 45, 113, 229, 278, 502, 565, 638, 677, 419, 847, 876, 909


Tempo de Execuçao: 151.307080 s

