Trabalho de Grafos
Autor: Helder Linhares Bertoldo dos Reis
Matrícula: 201465555A


- Análise do Grafo -

Número de Vértices: 1150
Número de Arestas: 80035



Algoritmo Construtivo Guloso
Cobertura de Menor Custo: 1118
Vertices Utilizados: 
426, 681, 430, 686, 420, 689, 415, 671, 682, 86, 417, 676, 416, 699, 684, 427, 675, 708, 435, 683, 503, 80, 355, 669, 214, 673, 637, 696, 283, 421, 501, 82, 700, 723, 834, 685, 92, 348, 434, 488, 211, 358, 60, 177, 241, 428, 635, 429, 582, 720, 431, 772, 855, 63, 712, 251, 346, 643, 731, 845, 874, 70, 422, 639, 707, 89, 366, 727, 419, 626, 221, 353, 687, 778, 505, 832, 83, 242, 351, 432, 734, 361, 842, 909, 581, 623, 76, 701, 810, 1048, 368, 628, 672, 719, 843, 437, 849, 99, 250, 586, 644, 674, 773, 1039, 102, 295, 347, 830, 425, 690, 61, 238, 352, 633, 697, 436, 519, 764, 183, 298, 769, 836, 84, 838, 862, 65, 279, 357, 632, 231, 418, 527, 591, 668, 702, 816, 506, 1040, 235, 356, 520, 767, 822, 900, 93, 169, 227, 627, 679, 722, 774, 833, 62, 423, 641, 216, 233, 360, 500, 507, 622, 678, 779, 813, 518, 640, 713, 847, 867, 1036, 94, 367, 776, 1043, 119, 229, 277, 680, 851, 1026, 75, 714, 1056, 101, 282, 359, 837, 108, 424, 677, 824, 906, 47, 191, 492, 50, 240, 721, 780, 1044, 364, 625, 706, 817, 873, 1022, 630, 763, 57, 228, 278, 522, 670, 190, 243, 823, 138, 230, 521, 583, 725, 79, 246, 693, 812, 56, 292, 595, 825, 844, 865, 134, 172, 486, 1019, 248, 286, 350, 631, 782, 864, 54, 365, 529, 1052, 584, 695, 854, 903, 1105, 208, 291, 362, 760, 821, 1027, 1051, 51, 104, 312, 349, 515, 624, 765, 831, 98, 117, 285, 781, 848, 85, 129, 287, 589, 49, 247, 394, 592, 642, 717, 766, 69, 118, 275, 398, 512, 253, 296, 860, 55, 120, 164, 363, 729, 68, 127, 244, 735, 826, 840, 136, 249, 354, 861, 917, 1109, 511, 587, 762, 1015, 64, 115, 131, 225, 841, 1025, 294, 513, 715, 908, 1042, 128, 314, 433, 598, 704, 1055, 180, 290, 396, 777, 67, 130, 716, 818, 910, 133, 273, 409, 528, 574, 594, 1125, 232, 281, 688, 768, 858, 1050, 1083, 66, 270, 709, 207, 245, 493, 829, 1054, 1102, 137, 313, 392, 770, 872, 966, 1115, 257, 491, 510, 537, 553, 835, 78, 239, 276, 516, 543, 576, 846, 103, 125, 761, 850, 252, 293, 311, 403, 569, 596, 74, 405, 460, 517, 571, 882, 59, 135, 261, 638, 711, 806, 914, 1099, 1106, 9, 262, 771, 814, 1041, 404, 698, 839, 956, 52, 71, 280, 321, 526, 541, 577, 121, 645, 869, 97, 226, 255, 524, 597, 1095, 236, 284, 395, 502, 718, 809, 1124, 123, 410, 533, 554, 965, 980, 1090, 126, 288, 414, 441, 548, 557, 728, 268, 445, 889, 983, 72, 272, 408, 514, 694, 736, 1049, 1091, 1108, 124, 234, 289, 660, 905, 1121, 406, 815, 856, 945, 48, 113, 116, 958, 1098, 319, 495, 508, 540, 775, 916, 256, 387, 650, 732, 811, 1086, 210, 556, 588, 971, 26, 73, 122, 397, 563, 656, 876, 1123, 53, 263, 315, 703, 857, 1087, 201, 237, 267, 297, 450, 525, 531, 964, 1126, 400, 494, 542, 652, 1127, 299, 411, 509, 547, 20, 258, 303, 549, 559, 651, 827, 853, 879, 948, 1112, 655, 726, 920, 1046, 1094, 91, 168, 300, 393, 545, 807, 870, 962, 991, 661, 805, 901, 1111, 264, 308, 413, 603, 986, 1113, 274, 372, 647, 883, 911, 944, 34, 322, 561, 667, 797, 951, 523, 532, 572, 609, 1088, 19, 30, 90, 205, 453, 552, 613, 634, 801, 828, 1011, 1114, 105, 485, 636, 664, 893, 967, 176, 192, 266, 539, 957, 1103, 154, 219, 305, 490, 546, 555, 923, 1058, 1116, 87, 412, 439, 551, 654, 899, 1120, 212, 269, 449, 562, 724, 800, 1093, 194, 478, 567, 611, 653, 852, 886, 918, 949, 25, 88, 799, 960, 993, 173, 196, 260, 885, 915, 978, 13, 29, 81, 570, 621, 710, 808, 953, 878, 913, 1089, 1117, 185, 302, 536, 558, 648, 795, 952, 985, 442, 618, 891, 926, 998, 58, 95, 254, 340, 407, 447, 666, 785, 946, 969, 21, 141, 265, 568, 929, 1084, 1122, 452, 468, 538, 607, 791, 819, 875, 984, 1081, 28, 148, 317, 564, 578, 1096, 476, 657, 692, 866, 896, 927, 961, 259, 301, 330, 530, 787, 1007, 16, 149, 399, 446, 585, 617, 907, 959, 1107, 27, 179, 391, 489, 894, 930, 1001, 1078, 204, 271, 334, 475, 504, 575, 820, 871, 936, 2, 147, 316, 343, 457, 550, 742, 888, 939, 955, 1101, 5, 40, 139, 606, 629, 662, 740, 798, 892, 1104, 24, 371, 471, 573, 863, 902, 982, 1038, 1070, 159, 189, 209, 479, 608, 794, 922, 947, 1012, 178, 481, 487, 665, 741, 897, 1024, 1045, 18, 140, 438, 535, 560, 580, 619, 859, 972, 184, 336, 455, 898, 937, 1005, 1020, 1069, 100, 390, 461, 497, 658, 989, 32, 143, 167, 459, 748, 938, 950, 1033, 1072, 1100, 1129, 38, 77, 160, 217, 373, 462, 544, 941, 1133, 10, 186, 344, 401, 467, 566, 705, 745, 792, 1009, 1062, 1110, 1143, 23, 198, 382, 752, 1067, 1149, 36, 156, 310, 472, 605, 784, 890, 1021, 1075, 96, 222, 326, 456, 496, 756, 974, 1132, 4, 41, 132, 144, 377, 483, 593, 789, 928, 988, 1000, 165, 197, 331, 620, 754, 796, 1023, 1073, 1085, 1128, 7, 42, 151, 307, 375, 448, 464, 997, 1029, 1074, 1134, 14, 171, 324, 379, 499, 738, 912, 1008, 1145, 35, 158, 206, 345, 380, 463, 599, 646, 759, 932, 976, 1028, 1060, 111, 161, 304, 451, 877, 1130, 15, 37, 163, 199, 215, 328, 370, 601, 737, 790, 996, 1013, 1066, 166, 332, 386, 612, 921, 975, 1035, 1068, 1139, 1, 109, 157, 739, 803, 931, 979, 992, 1140, 112, 187, 335, 378, 443, 465, 749, 943, 1059, 1142, 31, 170, 337, 385, 444, 579, 602, 751, 788, 999, 1032, 1064, 1146, 3, 155, 188, 218, 318, 924, 981, 1071, 1082, 1150, 12, 46, 203, 323, 369, 466, 498, 743, 995, 1057, 142, 162, 213, 327, 381, 482, 755, 783, 880, 925, 1002, 1014, 1065, 1119, 1138, 45, 153, 174, 389, 614, 933, 968, 1017, 1079, 1141, 11, 110, 193, 325, 469, 484, 747, 942, 1003, 1144, 17, 43, 146, 223, 306, 329, 383, 454, 474, 691, 750, 868, 1016, 1047, 1077, 1092, 44, 195, 224, 341, 600, 757, 793, 881, 977, 994, 1018, 1080, 1131, 114, 150, 181, 374, 470, 604, 940, 1006, 1031, 1135, 6, 200, 320, 333, 480, 659, 744, 802, 887, 904, 987, 1063, 1136, 33, 106, 338, 376, 402, 610, 746, 954, 990, 1037, 1137, 8, 145, 175, 339, 384, 440, 473, 615, 649, 730, 753, 786, 884, 934, 970, 1004, 1030, 1061, 1147
Tempo de Execuçao: 1.040376 s


Algoritmo Construtivo Guloso Randomizado
--- Descrição da Cobertura Mínimal em Custo de Vértices Ponderados ---

Alfa: 0.150000
Cobertura de Menor Custo: 1116
Melhor Semente: 2
Vertices utilizados: 
89, 223, 700, 91, 595, 734, 431, 823, 865, 353, 355, 637, 71, 668, 63, 505, 594, 102, 421, 706, 701, 680, 92, 630, 183, 82, 419, 720, 422, 208, 177, 75, 731, 689, 623, 772, 678, 361, 83, 417, 418, 626, 435, 764, 368, 214, 676, 581, 79, 906, 708, 209, 292, 99, 845, 832, 681, 583, 1048, 582, 903, 228, 216, 432, 854, 707, 672, 415, 829, 242, 65, 671, 644, 248, 690, 235, 294, 709, 913, 346, 810, 639, 869, 348, 632, 695, 670, 674, 908, 769, 229, 213, 763, 1039, 221, 364, 872, 428, 488, 834, 85, 357, 591, 704, 576, 282, 824, 842, 1038, 635, 853, 521, 697, 688, 833, 231, 352, 1043, 80, 434, 830, 714, 874, 730, 627, 423, 586, 856, 424, 277, 1026, 918, 684, 108, 844, 68, 713, 246, 416, 782, 492, 491, 226, 529, 816, 238, 857, 836, 74, 425, 286, 696, 503, 60, 686, 191, 765, 843, 1051, 780, 693, 101, 723, 715, 862, 56, 640, 860, 225, 813, 675, 356, 251, 882, 285, 778, 861, 1027, 437, 518, 848, 1052, 840, 278, 128, 716, 362, 817, 347, 679, 642, 436, 47, 501, 279, 295, 577, 719, 687, 725, 350, 520, 685, 773, 239, 291, 429, 241, 873, 426, 622, 349, 767, 735, 129, 243, 55, 776, 219, 867, 909, 722, 812, 366, 673, 641, 1050, 628, 106, 683, 574, 244, 625, 900, 127, 910, 351, 67, 826, 283, 1045, 190, 365, 76, 677, 525, 210, 721, 50, 174, 249, 493, 359, 1099, 1044, 502, 253, 124, 233, 592, 636, 727, 49, 486, 115, 138, 186, 69, 633, 522, 527, 211, 61, 584, 100, 64, 119, 396, 427, 766, 634, 117, 164, 118, 98, 760, 245, 273, 131, 134, 831, 515, 51, 850, 1105, 1121, 363, 524, 1041, 103, 288, 298, 86, 624, 821, 828, 1113, 93, 494, 711, 1040, 516, 130, 275, 1016, 354, 1109, 818, 956, 1054, 227, 403, 517, 889, 825, 761, 247, 855, 510, 54, 500, 811, 1053, 255, 207, 554, 52, 1018, 631, 1102, 72, 762, 841, 110, 669, 267, 290, 62, 179, 822, 548, 849, 312, 1036, 185, 1019, 395, 736, 916, 57, 643, 261, 980, 293, 1067, 512, 699, 232, 109, 886, 876, 983, 864, 250, 847, 1022, 1056, 879, 650, 297, 360, 447, 732, 1115, 392, 94, 809, 240, 59, 1125, 410, 104, 66, 1032, 569, 123, 770, 276, 205, 598, 1098, 9, 543, 113, 433, 262, 838, 553, 84, 728, 358, 420, 136, 413, 717, 779, 1055, 26, 408, 526, 837, 454, 169, 95, 506, 806, 1087, 296, 977, 596, 978, 511, 272, 846, 460, 815, 901, 726, 97, 398, 135, 703, 172, 638, 441, 270, 2, 25, 858, 1091, 397, 315, 645, 914, 299, 774, 1049, 1127, 896, 405, 409, 394, 528, 531, 698, 946, 557, 485, 258, 107, 257, 563, 256, 1123, 885, 406, 539, 917, 905, 771, 319, 1015, 116, 224, 404, 945, 969, 975, 1007, 827, 513, 1086, 311, 710, 549, 702, 192, 835, 660, 280, 729, 281, 507, 1025, 230, 682, 964, 694, 1073, 971, 545, 1088, 559, 120, 597, 263, 321, 1112, 1090, 888, 268, 571, 126, 768, 585, 777, 264, 125, 965, 504, 38, 570, 367, 572, 252, 490, 287, 414, 712, 260, 1047, 561, 1116, 540, 656, 819, 400, 807, 613, 868, 48, 647, 1011, 445, 1095, 546, 966, 533, 439, 159, 1089, 300, 667, 30, 1096, 313, 781, 154, 1111, 1042, 393, 20, 87, 1012, 1083, 852, 58, 265, 808, 387, 1126, 851, 236, 145, 308, 532, 547, 839, 542, 133, 1081, 1108, 1106, 266, 986, 556, 269, 985, 450, 1120, 883, 198, 449, 967, 947, 893, 588, 537, 456, 234, 611, 923, 805, 274, 929, 567, 322, 587, 568, 237, 991, 472, 948, 340, 820, 1094, 453, 412, 1103, 897, 189, 609, 930, 81, 430, 898, 509, 661, 11, 566, 993, 552, 303, 180, 90, 399, 939, 915, 558, 1114, 651, 212, 963, 78, 153, 1072, 960, 920, 1078, 147, 194, 377, 724, 519, 535, 562, 148, 478, 801, 167, 23, 39, 508, 24, 21, 551, 653, 497, 206, 958, 314, 5, 652, 741, 442, 122, 799, 70, 1104, 603, 137, 870, 937, 814, 902, 589, 343, 32, 29, 941, 949, 391, 407, 718, 53, 899, 666, 1024, 962, 411, 19, 173, 797, 324, 663, 446, 1059, 217, 655, 168, 373, 16, 863, 740, 795, 996, 541, 794, 968, 664, 43, 1061, 461, 301, 121, 199, 462, 536, 459, 468, 141, 877, 1023, 875, 892, 156, 18, 1124, 271, 289, 452, 936, 34, 785, 692, 961, 619, 999, 176, 220, 514, 618, 88, 323, 976, 629, 385, 284, 922, 926, 745, 495, 317, 482, 329, 911, 489, 151, 606, 950, 96, 573, 1093, 372, 990, 1058, 28, 455, 337, 201, 982, 178, 648, 259, 481, 530, 800, 894, 1117, 316, 475, 487, 657, 389, 149, 464, 621, 737, 27, 386, 972, 1076, 759, 602, 654, 1149, 339, 440, 783, 496, 791, 775, 988, 1046, 1140, 933, 371, 944, 1069, 369, 467, 998, 599, 1122, 254, 41, 1002, 578, 662, 184, 796, 143, 604, 341, 1031, 334, 200, 181, 891, 748, 992, 1070, 1132, 887, 544, 938, 12, 140, 1134, 538, 935, 170, 953, 658, 593, 302, 384, 560, 111, 590, 305, 952, 1075, 1035, 744, 1084, 332, 607, 330, 793, 1001, 451, 13, 987, 1133, 786, 620, 564, 474, 196, 615, 750, 1097, 139, 1082, 754, 161, 35, 10, 927, 146, 871, 1029, 1128, 1101, 22, 1142, 379, 804, 792, 443, 222, 924, 912, 981, 336, 479, 499, 45, 989, 114, 1145, 1005, 188, 476, 742, 1068, 381, 565, 438, 1013, 787, 523, 1110, 1077, 1138, 739, 204, 608, 1006, 463, 979, 866, 1004, 616, 878, 345, 1150, 457, 6, 171, 1074, 1020, 328, 197, 890, 142, 1066, 955, 617, 1144, 187, 974, 738, 784, 884, 934, 310, 904, 534, 338, 376, 483, 46, 579, 984, 375, 7, 1146, 1000, 1137, 1071, 859, 144, 4, 755, 959, 370, 1028, 105, 469, 31, 3, 335, 448, 163, 928, 1080, 751, 1017, 1092, 1139, 160, 798, 42, 1037, 575, 304, 1065, 1135, 932, 994, 182, 8, 756, 997, 157, 325, 881, 466, 919, 307, 1136, 925, 665, 195, 383, 601, 498, 380, 1014, 746, 758, 752, 790, 1033, 1079, 320, 36, 155, 465, 175, 37, 14, 614, 444, 951, 471, 1, 802, 215, 344, 1148, 327, 132, 646, 1008, 931, 921, 1063, 382, 1141, 318, 77, 753, 203, 331, 803, 390, 1131, 480, 150, 1062, 1034, 33, 17, 605, 166, 749, 1030, 374, 1085, 1010, 1064, 1118, 995, 1147, 342, 973, 44, 193, 600, 477, 158, 743, 788, 162, 942, 1107, 309, 1143, 733, 326, 401, 388, 610, 473, 659, 895, 705, 747, 73, 940, 954, 1003, 1129


Alfa: 0.250000
Cobertura de Menor Custo: 1120
Melhor Semente: 24
Vertices utilizados: 
867, 639, 713, 183, 429, 355, 850, 421, 294, 251, 668, 699, 873, 423, 366, 418, 727, 697, 695, 704, 627, 817, 506, 912, 778, 248, 106, 669, 70, 162, 644, 677, 242, 503, 576, 217, 591, 694, 228, 348, 908, 219, 1056, 712, 836, 82, 278, 216, 213, 221, 838, 868, 826, 78, 636, 235, 681, 1051, 1048, 367, 518, 163, 353, 816, 637, 361, 706, 846, 703, 716, 520, 95, 86, 83, 209, 584, 684, 519, 874, 685, 579, 1049, 225, 725, 241, 417, 249, 238, 688, 75, 720, 527, 577, 886, 734, 1055, 879, 356, 844, 427, 628, 500, 486, 426, 730, 723, 853, 764, 623, 110, 857, 911, 210, 431, 625, 211, 1052, 191, 422, 186, 865, 365, 55, 282, 227, 507, 72, 394, 889, 640, 906, 717, 592, 842, 833, 493, 291, 357, 179, 57, 780, 410, 690, 916, 89, 285, 67, 63, 858, 360, 434, 109, 1054, 85, 829, 96, 772, 494, 398, 175, 296, 596, 56, 87, 108, 102, 1040, 99, 687, 719, 1022, 1050, 709, 882, 714, 861, 626, 855, 731, 69, 806, 529, 670, 292, 432, 424, 767, 349, 823, 51, 502, 839, 849, 47, 1095, 773, 702, 782, 711, 190, 275, 854, 223, 279, 622, 98, 896, 593, 121, 1099, 430, 810, 582, 425, 672, 362, 194, 715, 825, 236, 736, 597, 1017, 201, 910, 595, 878, 812, 1041, 641, 864, 814, 525, 777, 245, 287, 841, 346, 822, 513, 696, 679, 1036, 1019, 701, 68, 136, 505, 689, 127, 975, 172, 557, 71, 403, 909, 1027, 594, 698, 250, 598, 583, 116, 364, 232, 104, 358, 137, 521, 117, 1025, 721, 1115, 729, 450, 62, 587, 1043, 54, 811, 312, 288, 632, 1044, 1015, 224, 832, 840, 101, 180, 177, 130, 428, 1127, 205, 903, 409, 94, 920, 73, 574, 724, 354, 404, 676, 416, 1102, 771, 848, 60, 298, 64, 511, 501, 890, 1039, 405, 983, 869, 993, 815, 845, 671, 449, 119, 293, 1083, 1045, 918, 770, 824, 65, 769, 435, 742, 1053, 1018, 490, 1058, 1087, 61, 761, 860, 1105, 633, 84, 80, 237, 1026, 26, 512, 680, 779, 774, 726, 556, 837, 107, 262, 368, 1059, 638, 524, 971, 1125, 1031, 856, 286, 276, 437, 543, 436, 359, 1038, 589, 683, 257, 642, 492, 674, 586, 673, 569, 154, 516, 134, 533, 93, 131, 141, 208, 133, 776, 522, 541, 188, 97, 528, 707, 613, 967, 966, 419, 917, 693, 821, 290, 284, 1081, 244, 1076, 92, 559, 675, 624, 956, 181, 261, 945, 537, 233, 420, 246, 1090, 295, 1024, 243, 400, 900, 946, 1111, 851, 863, 635, 397, 862, 986, 585, 847, 1086, 169, 231, 843, 634, 289, 313, 504, 654, 363, 122, 558, 220, 297, 352, 132, 229, 124, 515, 1093, 760, 1091, 1021, 103, 321, 167, 38, 212, 708, 1108, 1121, 978, 406, 775, 645, 1116, 58, 66, 488, 1096, 281, 269, 268, 491, 311, 834, 408, 128, 818, 700, 650, 277, 452, 1112, 547, 76, 958, 393, 1020, 643, 118, 138, 1106, 664, 563, 835, 230, 1126, 678, 239, 351, 499, 915, 447, 1098, 954, 1097, 129, 280, 548, 260, 495, 441, 765, 686, 254, 50, 545, 218, 948, 539, 766, 266, 581, 648, 156, 125, 204, 207, 732, 808, 1042, 126, 1067, 905, 540, 369, 660, 267, 387, 980, 962, 407, 454, 24, 509, 1123, 899, 718, 663, 1046, 1007, 831, 929, 1104, 656, 561, 508, 272, 148, 114, 893, 762, 514, 123, 549, 392, 901, 48, 984, 255, 820, 185, 263, 1118, 372, 1088, 926, 340, 153, 445, 252, 722, 460, 1103, 973, 991, 795, 876, 30, 630, 631, 90, 9, 902, 763, 337, 517, 1066, 913, 977, 49, 303, 1001, 560, 588, 189, 383, 972, 446, 265, 960, 785, 661, 74, 314, 653, 830, 546, 176, 433, 871, 1011, 968, 621, 807, 813, 256, 565, 18, 570, 196, 234, 411, 542, 170, 5, 969, 1120, 1078, 930, 240, 618, 609, 338, 1124, 710, 413, 531, 396, 315, 448, 666, 950, 20, 168, 617, 891, 883, 965, 164, 792, 59, 1075, 442, 259, 25, 226, 1109, 476, 247, 914, 1037, 273, 667, 741, 412, 652, 682, 510, 1065, 797, 859, 29, 347, 384, 768, 301, 1004, 564, 496, 335, 1113, 32, 79, 1094, 147, 52, 875, 341, 497, 350, 178, 571, 274, 952, 567, 299, 40, 1114, 887, 790, 135, 455, 651, 988, 13, 655, 799, 827, 937, 938, 319, 629, 1089, 1073, 735, 483, 143, 989, 258, 924, 487, 468, 115, 415, 898, 16, 88, 523, 53, 572, 457, 538, 781, 607, 395, 323, 35, 705, 336, 976, 961, 1012, 894, 456, 484, 214, 471, 985, 371, 526, 485, 317, 199, 805, 399, 615, 800, 544, 1032, 872, 414, 1072, 754, 113, 923, 11, 222, 801, 553, 264, 146, 151, 81, 461, 438, 139, 809, 616, 1082, 339, 439, 36, 590, 215, 1134, 1035, 140, 91, 580, 852, 551, 8, 28, 941, 745, 922, 575, 1128, 536, 19, 467, 42, 573, 1122, 334, 344, 270, 939, 1070, 1149, 892, 451, 380, 606, 979, 17, 304, 1010, 828, 532, 1002, 478, 787, 756, 619, 472, 159, 964, 310, 927, 144, 657, 253, 1069, 316, 187, 974, 7, 554, 1101, 475, 555, 120, 603, 944, 692, 784, 1023, 791, 534, 620, 647, 458, 330, 758, 611, 376, 1131, 377, 793, 283, 997, 739, 203, 443, 477, 21, 1138, 390, 193, 897, 759, 197, 786, 659, 1, 173, 145, 389, 928, 464, 373, 1146, 1014, 305, 1062, 1147, 1000, 482, 43, 345, 578, 161, 798, 1005, 1085, 1029, 1140, 479, 22, 1057, 982, 951, 41, 391, 1068, 601, 112, 34, 1006, 940, 796, 3, 740, 658, 935, 1033, 990, 750, 343, 1016, 1080, 459, 331, 907, 753, 959, 662, 174, 614, 149, 453, 1135, 375, 1003, 919, 747, 880, 45, 158, 325, 306, 600, 999, 749, 300, 1061, 888, 1143, 498, 932, 1100, 332, 602, 933, 804, 195, 481, 552, 953, 1145, 23, 382, 27, 200, 998, 4, 738, 794, 1142, 748, 1110, 309, 378, 1060, 604, 1071, 469, 1130, 111, 388, 100, 1133, 462, 308, 1030, 12, 463, 44, 152, 10, 14, 943, 307, 46, 562, 934, 302, 374, 691, 744, 947, 1141, 1028, 925, 39, 737, 182, 155, 612, 884, 535, 728, 326, 992, 474, 1150, 949, 665, 150, 608, 444, 192, 370, 803, 31, 1129, 746, 957, 322, 1063, 996, 206, 342, 328, 381, 936, 473, 931, 885, 755, 1132, 1008, 157, 981, 402, 2, 566, 320, 165, 470, 1074, 1084, 1107, 1144, 465, 37, 6, 783, 327, 802, 610, 866, 743, 324, 955, 995, 1092, 752, 1034, 1137, 142, 318, 184, 202, 379, 1077, 386, 333, 877, 15, 921, 788, 1064, 605, 550, 1117, 105, 1148, 480, 166, 649, 994, 271, 987, 895, 1136, 160, 33, 329, 757, 401


Alfa: 0.350000
Cobertura de Menor Custo: 1122
Melhor Semente: 5
Vertices utilizados: 
356, 168, 493, 359, 871, 80, 285, 864, 109, 701, 71, 180, 415, 283, 421, 209, 357, 639, 720, 294, 230, 847, 842, 578, 919, 496, 774, 90, 845, 901, 577, 810, 891, 707, 704, 843, 355, 70, 295, 730, 673, 296, 637, 700, 91, 910, 112, 852, 282, 64, 358, 63, 93, 680, 732, 914, 353, 186, 212, 1049, 88, 848, 110, 898, 1095, 917, 410, 818, 278, 191, 223, 856, 874, 816, 685, 68, 425, 486, 437, 723, 823, 494, 492, 404, 850, 629, 838, 676, 670, 365, 84, 430, 346, 879, 221, 782, 398, 190, 367, 678, 669, 592, 226, 201, 672, 298, 869, 583, 630, 631, 519, 711, 172, 683, 706, 1050, 632, 628, 237, 69, 692, 734, 106, 862, 248, 250, 418, 75, 695, 671, 640, 675, 100, 545, 347, 713, 719, 674, 581, 826, 348, 500, 865, 1015, 886, 218, 814, 245, 878, 833, 97, 73, 586, 1013, 526, 849, 832, 642, 548, 505, 679, 883, 780, 1037, 712, 912, 1022, 966, 98, 214, 128, 589, 812, 728, 205, 861, 691, 503, 863, 118, 182, 104, 839, 824, 249, 892, 364, 213, 284, 185, 643, 228, 501, 1040, 956, 769, 703, 183, 913, 485, 918, 633, 86, 512, 87, 351, 702, 277, 817, 1109, 888, 694, 227, 1053, 920, 978, 272, 710, 980, 697, 971, 693, 48, 854, 1035, 95, 889, 1041, 51, 555, 50, 622, 1020, 79, 194, 733, 1127, 420, 56, 143, 858, 59, 160, 60, 726, 687, 261, 350, 287, 760, 89, 827, 1046, 890, 668, 405, 527, 292, 625, 312, 897, 634, 729, 1088, 206, 76, 596, 107, 727, 911, 138, 813, 984, 396, 836, 62, 352, 108, 715, 594, 721, 1018, 857, 809, 224, 177, 216, 488, 274, 210, 65, 19, 253, 766, 363, 1027, 993, 38, 591, 779, 1059, 887, 279, 559, 426, 349, 124, 767, 416, 1089, 716, 447, 239, 507, 211, 690, 49, 238, 725, 1039, 731, 915, 902, 242, 515, 361, 394, 424, 1105, 872, 235, 580, 136, 557, 554, 1048, 1026, 502, 846, 208, 684, 626, 243, 82, 450, 453, 57, 255, 1030, 432, 829, 244, 975, 1044, 189, 819, 179, 777, 717, 127, 1126, 1052, 445, 598, 431, 81, 154, 288, 1054, 764, 595, 400, 297, 368, 362, 699, 822, 520, 830, 771, 1043, 722, 531, 973, 834, 454, 853, 117, 360, 1038, 273, 428, 682, 1123, 275, 688, 840, 553, 1106, 916, 129, 1055, 1071, 460, 1115, 423, 1016, 225, 54, 983, 666, 1074, 58, 252, 232, 772, 268, 585, 1036, 231, 884, 768, 72, 781, 742, 271, 529, 219, 125, 574, 67, 240, 417, 403, 821, 708, 262, 533, 1025, 636, 441, 870, 156, 1124, 542, 192, 593, 281, 778, 867, 61, 508, 1093, 689, 115, 571, 164, 133, 264, 436, 393, 868, 808, 905, 392, 280, 1081, 159, 566, 83, 855, 828, 409, 40, 811, 113, 506, 1086, 259, 537, 96, 709, 623, 976, 831, 435, 1057, 714, 761, 906, 909, 705, 1111, 900, 434, 397, 859, 413, 965, 1097, 977, 1080, 510, 3, 698, 449, 256, 651, 967, 525, 329, 540, 1060, 513, 1001, 433, 169, 773, 26, 266, 217, 321, 1067, 47, 903, 654, 1031, 8, 290, 1113, 1019, 736, 664, 9, 504, 335, 11, 1125, 429, 52, 1051, 837, 724, 648, 153, 322, 981, 490, 582, 841, 576, 588, 989, 92, 53, 422, 66, 121, 570, 962, 366, 558, 263, 1120, 541, 289, 354, 656, 442, 1072, 439, 1073, 270, 130, 21, 899, 511, 74, 145, 399, 530, 15, 103, 785, 131, 1042, 99, 1063, 123, 459, 203, 517, 141, 584, 597, 882, 440, 251, 572, 603, 806, 677, 937, 241, 945, 345, 23, 565, 1032, 518, 737, 618, 619, 851, 137, 561, 653, 758, 933, 220, 293, 1092, 611, 516, 116, 323, 844, 236, 792, 330, 188, 627, 174, 546, 696, 563, 120, 32, 644, 478, 408, 101, 119, 953, 524, 968, 522, 1011, 374, 267, 483, 387, 544, 234, 315, 1005, 894, 795, 457, 247, 805, 960, 414, 43, 1104, 986, 873, 258, 621, 1047, 233, 647, 1012, 745, 718, 1084, 954, 624, 681, 1056, 139, 1058, 947, 276, 114, 1083, 464, 567, 451, 875, 876, 135, 246, 29, 319, 77, 797, 173, 30, 935, 36, 757, 1114, 950, 1087, 1068, 770, 536, 25, 199, 551, 741, 765, 1099, 229, 20, 815, 291, 308, 860, 532, 667, 926, 997, 762, 94, 949, 412, 686, 569, 972, 176, 645, 575, 946, 148, 371, 748, 481, 928, 487, 740, 286, 655, 958, 161, 207, 325, 491, 452, 343, 1100, 1075, 549, 609, 509, 328, 122, 608, 807, 613, 988, 922, 257, 1096, 1098, 929, 389, 85, 1118, 791, 658, 938, 652, 776, 927, 482, 254, 763, 170, 372, 448, 1024, 885, 495, 535, 528, 27, 419, 1078, 388, 469, 1148, 2, 1090, 306, 299, 1102, 835, 994, 316, 204, 521, 1144, 337, 990, 1076, 311, 12, 825, 144, 265, 649, 801, 406, 985, 411, 175, 1091, 799, 1140, 961, 1116, 489, 547, 562, 587, 151, 55, 300, 379, 1002, 446, 456, 638, 462, 523, 982, 1121, 804, 472, 341, 600, 1009, 936, 461, 923, 455, 44, 650, 800, 385, 31, 6, 307, 22, 78, 1023, 1069, 996, 1007, 1135, 752, 326, 751, 560, 1150, 302, 660, 754, 746, 1103, 14, 134, 948, 184, 467, 475, 934, 314, 615, 735, 1142, 39, 147, 42, 952, 339, 820, 380, 376, 158, 543, 573, 149, 775, 893, 556, 1094, 479, 126, 197, 1130, 41, 1061, 790, 783, 498, 605, 1079, 939, 310, 331, 907, 260, 925, 964, 1033, 612, 471, 794, 759, 1131, 590, 908, 979, 641, 111, 444, 187, 514, 1132, 497, 1112, 616, 16, 991, 617, 140, 788, 390, 1101, 317, 930, 1138, 102, 465, 407, 969, 28, 663, 1149, 222, 382, 35, 739, 1004, 324, 974, 787, 18, 304, 13, 196, 1145, 866, 1128, 384, 46, 463, 1014, 1066, 786, 743, 606, 373, 539, 744, 1008, 877, 438, 499, 215, 657, 336, 171, 568, 269, 1122, 941, 5, 1085, 963, 607, 146, 1139, 427, 340, 303, 798, 1062, 476, 756, 142, 395, 458, 381, 474, 998, 7, 334, 738, 784, 391, 313, 1147, 332, 995, 378, 181, 152, 924, 904, 1133, 1029, 1003, 4, 386, 167, 477, 646, 662, 610, 921, 944, 992, 1110, 45, 1034, 200, 377, 1064, 896, 750, 468, 1136, 342, 301, 1119, 178, 344, 957, 1146, 1017, 661, 793, 309, 163, 1028, 943, 10, 1141, 999, 1010, 370, 602, 1077, 33, 466, 753, 599, 24, 796, 193, 749, 931, 34, 959, 17, 604, 552, 620, 1134, 318, 1045, 202, 955, 932, 155, 880, 166, 550, 1, 1107, 534, 635, 564, 369, 338, 579, 470, 195, 162, 789, 940, 1006, 1137, 401, 601, 375, 473, 1117, 320, 881, 802, 970, 665, 333, 132, 747, 1070, 1129, 37, 383, 157


Tempo de Execuçao: 98.319576 s

Algoritmo Construtivo Guloso Randomizado Reativo
--- Descrição da Cobertura Mínimal em Custo de Vértices Ponderados ---

Alfa: 0.050000
Cobertura de Menor Custo: 1115
Vertices utilizados: 
420, 434, 75, 685, 214, 80, 700, 672, 682, 708, 211, 675, 669, 707, 690, 874, 503, 676, 430, 355, 674, 60, 683, 727, 358, 701, 417, 712, 429, 699, 713, 63, 251, 177, 581, 686, 696, 427, 505, 702, 623, 431, 76, 845, 582, 423, 102, 488, 418, 734, 637, 216, 86, 89, 689, 591, 810, 437, 435, 366, 855, 426, 416, 778, 298, 643, 731, 849, 346, 862, 673, 773, 419, 836, 1048, 639, 900, 82, 361, 633, 415, 830, 501, 348, 230, 83, 625, 368, 1039, 432, 169, 626, 221, 627, 668, 720, 425, 842, 99, 719, 78, 838, 84, 671, 352, 421, 764, 241, 586, 283, 837, 1040, 767, 681, 93, 183, 428, 62, 519, 282, 644, 422, 248, 584, 697, 873, 1036, 832, 763, 436, 769, 520, 622, 641, 220, 774, 632, 628, 278, 353, 92, 527, 635, 776, 822, 843, 233, 295, 678, 359, 61, 351, 347, 506, 680, 909, 231, 903, 238, 367, 492, 816, 679, 867, 521, 57, 360, 772, 242, 292, 730, 714, 50, 817, 1026, 424, 356, 94, 684, 217, 357, 834, 246, 779, 824, 706, 823, 722, 630, 670, 138, 119, 500, 243, 47, 55, 1043, 583, 1052, 687, 108, 515, 394, 812, 101, 79, 279, 522, 844, 249, 833, 717, 85, 1019, 64, 226, 1027, 191, 349, 286, 350, 507, 721, 362, 235, 1022, 825, 486, 765, 240, 640, 174, 595, 69, 847, 735, 906, 134, 228, 781, 848, 695, 285, 1044, 364, 54, 1105, 910, 365, 693, 518, 296, 190, 56, 821, 624, 782, 723, 398, 291, 49, 225, 831, 780, 766, 1050, 865, 120, 253, 864, 136, 104, 229, 115, 642, 736, 826, 51, 589, 129, 698, 529, 725, 1109, 287, 275, 1038, 73, 1051, 592, 511, 1056, 95, 861, 860, 117, 777, 840, 273, 715, 813, 1015, 133, 677, 65, 512, 577, 1125, 850, 1041, 118, 244, 281, 917, 771, 851, 312, 354, 68, 634, 128, 594, 311, 513, 818, 131, 711, 67, 574, 72, 232, 137, 770, 71, 526, 576, 1025, 768, 811, 1083, 760, 180, 363, 491, 716, 1115, 66, 1049, 392, 815, 914, 227, 1102, 245, 553, 631, 908, 247, 396, 598, 761, 276, 127, 98, 704, 172, 543, 294, 493, 872, 510, 835, 9, 516, 571, 863, 403, 74, 528, 252, 201, 257, 321, 729, 116, 688, 858, 980, 255, 460, 262, 854, 297, 408, 533, 313, 130, 882, 569, 814, 829, 728, 1123, 869, 205, 409, 841, 905, 122, 314, 762, 290, 846, 956, 59, 667, 261, 126, 1024, 966, 405, 638, 52, 1091, 250, 433, 563, 284, 267, 453, 256, 107, 645, 1121, 508, 537, 502, 916, 395, 1106, 97, 319, 541, 517, 58, 270, 514, 87, 879, 125, 1087, 1042, 587, 289, 1099, 406, 828, 239, 1127, 524, 557, 636, 806, 268, 135, 300, 694, 1054, 710, 234, 945, 709, 277, 404, 1059, 113, 827, 1055, 596, 29, 445, 958, 1093, 549, 555, 889, 293, 485, 1120, 651, 971, 732, 983, 212, 123, 410, 272, 1086, 414, 280, 857, 548, 48, 372, 207, 397, 656, 1023, 1126, 965, 547, 559, 103, 1095, 263, 703, 450, 1088, 554, 1094, 236, 556, 288, 24, 660, 1111, 26, 124, 494, 856, 920, 540, 775, 210, 303, 647, 237, 650, 224, 179, 876, 967, 413, 1124, 913, 315, 495, 110, 53, 655, 1113, 901, 40, 266, 208, 572, 839, 30, 20, 853, 186, 609, 441, 893, 726, 1112, 400, 322, 951, 121, 523, 299, 387, 260, 164, 1090, 478, 531, 509, 258, 13, 105, 964, 490, 993, 585, 661, 953, 613, 546, 219, 525, 254, 411, 393, 91, 1098, 915, 567, 1011, 90, 969, 551, 883, 809, 805, 264, 986, 653, 1116, 305, 797, 808, 948, 819, 603, 1103, 949, 545, 185, 1114, 154, 259, 899, 911, 597, 439, 870, 204, 28, 5, 807, 1058, 923, 664, 19, 159, 562, 801, 194, 570, 944, 1007, 799, 978, 504, 168, 886, 929, 452, 43, 561, 412, 302, 918, 196, 81, 962, 1096, 369, 34, 852, 621, 991, 961, 588, 542, 407, 274, 317, 1089, 21, 536, 532, 308, 785, 894, 885, 652, 1108, 666, 449, 148, 800, 265, 564, 552, 975, 1078, 141, 930, 1067, 1001, 1117, 607, 984, 1081, 558, 447, 795, 611, 340, 442, 985, 476, 330, 189, 941, 946, 373, 878, 875, 998, 147, 2, 391, 937, 334, 989, 648, 269, 316, 173, 472, 718, 608, 538, 787, 25, 3, 88, 692, 820, 151, 497, 457, 957, 907, 1084, 754, 871, 132, 939, 1101, 580, 271, 575, 41, 560, 982, 487, 1107, 617, 947, 343, 464, 926, 1046, 891, 1072, 446, 791, 960, 663, 544, 471, 140, 620, 896, 399, 483, 489, 665, 740, 629, 897, 892, 27, 539, 16, 455, 96, 798, 32, 149, 902, 371, 1122, 606, 866, 475, 1070, 742, 167, 573, 794, 467, 590, 344, 898, 979, 604, 1061, 936, 209, 654, 390, 1012, 959, 530, 922, 741, 1005, 657, 1045, 662, 170, 198, 877, 461, 1104, 456, 184, 139, 1020, 385, 748, 618, 927, 401, 1134, 1133, 156, 12, 952, 987, 619, 462, 1110, 382, 955, 192, 783, 438, 1002, 1009, 1074, 972, 18, 479, 326, 42, 1033, 301, 792, 745, 888, 1147, 166, 566, 377, 593, 142, 331, 534, 1062, 859, 100, 23, 938, 1004, 1129, 752, 481, 197, 1132, 310, 1092, 323, 737, 602, 1035, 1137, 4, 35, 182, 320, 345, 451, 658, 988, 796, 199, 550, 1066, 463, 465, 1017, 1069, 386, 757, 996, 612, 928, 1131, 793, 165, 1100, 1075, 181, 388, 755, 995, 1008, 912, 803, 1136, 328, 160, 616, 384, 187, 178, 318, 1143, 324, 605, 112, 921, 206, 7, 758, 887, 974, 1076, 1140, 143, 38, 332, 215, 370, 444, 1013, 738, 109, 498, 999, 45, 1, 333, 1032, 924, 466, 440, 496, 744, 1071, 1139, 1077, 990, 10, 161, 33, 338, 381, 152, 579, 790, 200, 601, 1138, 14, 459, 739, 171, 335, 890, 940, 919, 1014, 968, 31, 11, 1146, 378, 155, 470, 1118, 379, 1031, 880, 931, 992, 1079, 157, 788, 1148, 222, 341, 750, 1060, 1142, 70, 1057, 193, 942, 743, 195, 375, 1021, 997, 1119, 46, 144, 218, 163, 981, 327, 482, 1073, 751, 925, 1018, 614, 1145, 6, 150, 37, 1085, 188, 469, 454, 383, 111, 746, 599, 789, 1030, 1065, 1128, 325, 659, 304, 22, 932, 705, 950, 1000, 1149, 733, 749, 223, 8, 1037, 339, 36, 802, 473, 943, 1064, 145, 162, 306, 337, 374, 973, 1135, 499, 443, 884, 963, 610, 994, 747, 1029, 114, 17, 39, 376, 158, 474, 804, 1068, 448, 1130, 203, 1097, 309, 146, 329, 477, 600, 578, 753, 881, 933, 970, 1003, 1016, 1080, 1144, 175, 342, 389, 480, 565, 646, 759, 786, 934, 976, 1006, 1028, 1047, 1141


Tempo de Execuçao: 222.524860 s

