Trabalho de Grafos
Autor: Helder Linhares Bertoldo dos Reis
Matrícula: 201465555A


- Análise do Grafo -

Número de Vértices: 450
Número de Arestas: 17809



Algoritmo Construtivo Guloso
Cobertura de Menor Custo: 429
Vertices Utilizados: 
439, 436, 443, 442, 198, 44, 189, 256, 395, 444, 434, 438, 258, 440, 195, 199, 266, 421, 196, 445, 372, 435, 185, 208, 331, 447, 35, 187, 335, 394, 200, 441, 264, 450, 192, 21, 333, 427, 448, 26, 210, 345, 45, 393, 433, 201, 263, 181, 361, 446, 24, 194, 332, 366, 28, 343, 373, 190, 206, 259, 449, 337, 37, 188, 209, 267, 371, 19, 169, 191, 205, 336, 358, 369, 179, 260, 423, 36, 262, 374, 43, 202, 339, 425, 29, 38, 183, 362, 437, 269, 346, 365, 428, 5, 16, 175, 215, 341, 176, 182, 207, 359, 17, 424, 18, 261, 348, 375, 10, 20, 173, 184, 350, 193, 268, 356, 400, 63, 223, 422, 319, 351, 220, 357, 370, 431, 7, 64, 167, 71, 154, 347, 389, 340, 391, 62, 213, 2, 70, 168, 265, 280, 363, 224, 329, 355, 377, 25, 42, 178, 426, 349, 50, 330, 368, 77, 219, 228, 334, 392, 4, 34, 66, 156, 338, 383, 412, 104, 117, 248, 75, 257, 279, 367, 414, 12, 180, 282, 15, 31, 73, 119, 243, 360, 324, 6, 47, 69, 152, 204, 214, 327, 420, 128, 397, 133, 139, 163, 227, 27, 170, 212, 230, 378, 404, 80, 98, 430, 49, 102, 225, 321, 352, 22, 57, 239, 399, 3, 121, 165, 186, 384, 432, 74, 92, 390, 406, 55, 197, 221, 342, 416, 114, 274, 295, 418, 130, 153, 177, 237, 318, 354, 159, 402, 13, 56, 68, 126, 236, 317, 83, 101, 142, 281, 288, 84, 112, 218, 325, 413, 14, 30, 46, 67, 129, 222, 284, 286, 136, 252, 289, 396, 110, 144, 381, 409, 429, 33, 61, 97, 113, 273, 9, 51, 81, 308, 401, 32, 103, 106, 158, 242, 277, 293, 311, 344, 411, 87, 134, 232, 376, 93, 120, 161, 238, 251, 283, 385, 415, 1, 58, 148, 310, 323, 105, 135, 216, 297, 78, 141, 253, 301, 85, 118, 149, 226, 272, 305, 65, 88, 125, 151, 300, 364, 52, 138, 234, 241, 271, 315, 320, 410, 54, 127, 150, 160, 254, 290, 99, 109, 303, 387, 408, 76, 137, 174, 231, 249, 287, 322, 8, 95, 275, 291, 306, 386, 41, 60, 116, 162, 217, 246, 313, 91, 123, 140, 233, 247, 285, 294, 314, 379, 11, 82, 108, 299, 419, 53, 90, 96, 115, 124, 145, 157, 250, 302, 316, 353, 403, 172, 307, 380, 59, 72, 79, 122, 146, 164, 229, 245, 312, 405, 23, 86, 100, 292, 328, 39, 107, 131, 143, 166, 235, 244, 276, 296, 304, 382, 407
Tempo de Execuçao: 0.192760 s


Algoritmo Construtivo Guloso Randomizado
--- Descrição da Cobertura Mínimal em Custo de Vértices Ponderados ---

Alfa: 0.150000
Cobertura de Menor Custo: 428
Melhor Semente: 12
Vertices utilizados: 
438, 194, 425, 439, 442, 372, 445, 206, 191, 434, 373, 208, 264, 26, 35, 266, 431, 44, 260, 449, 361, 436, 192, 448, 335, 185, 202, 398, 422, 435, 433, 20, 374, 190, 345, 394, 331, 19, 263, 400, 38, 395, 371, 195, 369, 259, 188, 332, 437, 446, 350, 391, 193, 343, 375, 269, 181, 36, 392, 199, 184, 63, 215, 441, 261, 42, 352, 179, 189, 440, 210, 25, 205, 16, 17, 421, 267, 256, 187, 262, 337, 424, 207, 183, 220, 175, 359, 29, 198, 367, 347, 447, 360, 362, 268, 340, 333, 21, 18, 173, 351, 444, 389, 432, 232, 196, 356, 2, 450, 178, 393, 358, 348, 428, 182, 167, 154, 341, 319, 50, 363, 201, 346, 338, 221, 10, 426, 248, 41, 209, 133, 377, 46, 443, 200, 258, 5, 265, 75, 64, 168, 45, 170, 399, 71, 22, 156, 204, 357, 169, 7, 223, 225, 224, 77, 366, 353, 153, 228, 230, 329, 67, 28, 383, 336, 219, 66, 404, 12, 370, 339, 24, 118, 280, 104, 317, 252, 412, 176, 3, 378, 27, 186, 334, 396, 73, 58, 212, 237, 414, 62, 6, 102, 365, 159, 321, 416, 4, 121, 55, 142, 429, 139, 74, 197, 257, 342, 214, 117, 402, 368, 282, 355, 160, 279, 227, 386, 287, 406, 289, 427, 14, 239, 418, 316, 285, 31, 127, 295, 32, 110, 330, 70, 103, 318, 84, 284, 180, 430, 114, 165, 222, 144, 213, 47, 9, 69, 101, 88, 129, 80, 113, 423, 274, 130, 409, 152, 34, 37, 272, 376, 98, 92, 325, 128, 349, 381, 83, 390, 151, 30, 251, 408, 126, 106, 52, 119, 120, 15, 413, 68, 327, 243, 294, 276, 138, 308, 420, 51, 125, 99, 281, 143, 250, 48, 105, 397, 95, 415, 236, 354, 87, 93, 56, 218, 116, 290, 76, 123, 299, 140, 61, 283, 162, 115, 81, 324, 163, 301, 136, 320, 238, 241, 312, 385, 40, 288, 145, 49, 177, 161, 245, 217, 304, 60, 65, 322, 296, 148, 314, 85, 57, 33, 43, 211, 286, 303, 401, 216, 150, 174, 134, 380, 388, 94, 253, 307, 240, 112, 305, 141, 97, 54, 249, 328, 273, 86, 226, 309, 298, 231, 78, 8, 255, 157, 171, 72, 293, 122, 410, 311, 100, 82, 137, 384, 1, 164, 108, 310, 411, 277, 242, 233, 419, 146, 131, 246, 158, 234, 275, 387, 107, 313, 297, 132, 271, 292, 323, 315, 53, 135, 270, 403, 90, 254, 172, 344, 11, 379, 89, 96, 111, 147, 235, 291, 302, 244, 407


Alfa: 0.250000
Cobertura de Menor Custo: 429
Melhor Semente: 5
Vertices utilizados: 
192, 189, 440, 69, 247, 402, 449, 365, 437, 398, 37, 436, 268, 38, 266, 426, 430, 335, 44, 372, 347, 435, 421, 204, 205, 187, 345, 260, 443, 395, 336, 433, 7, 29, 261, 425, 350, 427, 257, 199, 19, 434, 262, 77, 36, 450, 21, 445, 439, 348, 364, 222, 26, 28, 356, 228, 31, 400, 5, 337, 43, 341, 169, 267, 208, 63, 18, 331, 179, 424, 154, 438, 254, 42, 269, 333, 343, 123, 209, 448, 258, 369, 211, 33, 256, 159, 359, 190, 34, 351, 422, 259, 193, 391, 200, 358, 394, 68, 221, 370, 22, 442, 17, 378, 393, 20, 198, 155, 62, 35, 181, 14, 444, 24, 224, 431, 227, 207, 201, 80, 329, 367, 250, 184, 182, 230, 175, 334, 50, 366, 264, 206, 373, 360, 71, 6, 280, 339, 220, 375, 178, 428, 374, 4, 441, 371, 353, 412, 420, 167, 282, 186, 30, 248, 25, 173, 389, 70, 215, 406, 414, 12, 84, 73, 399, 191, 361, 75, 15, 324, 413, 404, 202, 2, 363, 133, 195, 239, 16, 285, 98, 340, 66, 362, 121, 194, 319, 156, 223, 429, 60, 349, 317, 102, 330, 418, 338, 170, 368, 263, 183, 103, 381, 117, 64, 119, 276, 110, 392, 166, 8, 300, 296, 279, 214, 240, 185, 377, 188, 104, 168, 46, 165, 45, 10, 416, 67, 128, 447, 219, 382, 152, 112, 47, 376, 423, 357, 151, 446, 129, 3, 196, 57, 142, 177, 55, 252, 203, 384, 288, 327, 355, 346, 148, 100, 323, 401, 74, 344, 210, 411, 326, 386, 432, 163, 127, 383, 95, 105, 318, 409, 286, 97, 61, 144, 265, 54, 49, 236, 109, 352, 56, 273, 306, 101, 126, 176, 217, 225, 396, 157, 147, 1, 272, 284, 305, 380, 72, 153, 231, 385, 130, 106, 113, 164, 328, 342, 86, 314, 321, 311, 290, 134, 246, 312, 140, 289, 114, 174, 274, 397, 137, 407, 76, 325, 243, 218, 197, 161, 354, 41, 315, 90, 255, 408, 143, 53, 405, 150, 213, 235, 78, 48, 162, 132, 52, 180, 9, 91, 291, 237, 96, 301, 92, 88, 13, 229, 87, 242, 410, 297, 299, 303, 172, 125, 379, 107, 310, 136, 238, 139, 275, 278, 241, 135, 118, 51, 419, 403, 245, 149, 244, 111, 40, 146, 294, 313, 89, 115, 316, 79, 293, 158, 58, 85, 283, 93, 302, 232, 304, 292, 212, 65, 23, 94, 82, 124, 253, 120, 387, 171, 233, 287, 141, 160, 271, 307, 388, 322, 415, 131, 32, 81, 138, 234, 251, 270, 116, 298, 308, 277, 27, 320


Alfa: 0.350000
Cobertura de Menor Custo: 432
Melhor Semente: 1
Vertices utilizados: 
440, 422, 350, 427, 191, 26, 68, 256, 21, 263, 372, 37, 19, 343, 20, 365, 24, 16, 426, 429, 395, 183, 41, 362, 215, 438, 156, 399, 405, 69, 198, 333, 29, 179, 444, 48, 442, 403, 337, 428, 437, 259, 449, 28, 201, 47, 220, 121, 169, 374, 203, 7, 441, 43, 443, 18, 398, 257, 367, 268, 223, 431, 194, 64, 266, 117, 189, 207, 158, 269, 55, 344, 392, 225, 77, 352, 34, 254, 347, 195, 370, 424, 230, 339, 160, 336, 208, 199, 450, 436, 204, 247, 202, 184, 378, 267, 200, 420, 341, 324, 63, 210, 317, 192, 361, 340, 209, 2, 265, 243, 188, 181, 360, 1, 228, 393, 70, 430, 261, 4, 264, 250, 423, 279, 38, 236, 414, 45, 33, 389, 196, 36, 357, 377, 396, 62, 44, 334, 342, 42, 166, 190, 332, 331, 355, 391, 327, 167, 329, 165, 371, 6, 9, 348, 255, 85, 397, 394, 159, 447, 232, 214, 8, 221, 353, 139, 211, 5, 133, 445, 293, 376, 330, 231, 219, 25, 164, 368, 193, 163, 282, 432, 300, 346, 239, 316, 84, 66, 180, 434, 375, 295, 296, 170, 71, 406, 262, 413, 356, 446, 222, 56, 345, 110, 104, 102, 144, 400, 185, 206, 439, 154, 402, 358, 274, 448, 3, 335, 425, 351, 366, 54, 187, 175, 224, 128, 86, 127, 258, 289, 123, 112, 248, 280, 22, 76, 46, 153, 381, 101, 321, 14, 240, 106, 359, 137, 418, 271, 260, 410, 113, 306, 88, 10, 17, 122, 213, 411, 435, 314, 237, 299, 173, 73, 284, 205, 99, 369, 416, 178, 114, 281, 150, 130, 412, 60, 386, 67, 58, 50, 31, 80, 148, 363, 313, 94, 312, 119, 168, 12, 387, 433, 285, 161, 152, 318, 116, 100, 49, 338, 297, 142, 93, 75, 276, 421, 32, 383, 415, 65, 105, 354, 325, 409, 97, 81, 218, 404, 83, 129, 319, 288, 244, 61, 390, 238, 373, 115, 72, 103, 310, 384, 290, 301, 273, 30, 186, 305, 11, 151, 96, 328, 272, 138, 74, 108, 145, 53, 140, 246, 229, 15, 286, 408, 171, 252, 172, 131, 226, 27, 277, 89, 57, 87, 287, 197, 216, 107, 39, 177, 382, 118, 149, 309, 141, 242, 212, 294, 322, 349, 95, 308, 182, 132, 135, 134, 401, 235, 380, 90, 98, 249, 227, 304, 146, 78, 241, 320, 143, 111, 307, 23, 155, 51, 364, 174, 124, 385, 136, 302, 326, 13, 251, 419, 292, 59, 217, 278, 40, 52, 91, 388, 311, 157, 82, 176, 253, 120, 283, 234, 125, 315, 245, 291, 35, 417


Tempo de Execuçao: 15.755221 s

Algoritmo Construtivo Guloso Randomizado Reativo
--- Descrição da Cobertura Mínimal em Custo de Vértices Ponderados ---

Alfa: 0.050000
Cobertura de Menor Custo: 427
Vertices utilizados: 
44, 433, 434, 442, 395, 440, 439, 436, 35, 196, 210, 441, 445, 331, 199, 187, 444, 198, 256, 264, 450, 343, 200, 443, 192, 201, 266, 258, 448, 372, 393, 438, 335, 195, 427, 208, 366, 26, 190, 345, 45, 446, 421, 194, 24, 181, 263, 28, 259, 435, 394, 361, 333, 43, 206, 267, 373, 369, 21, 447, 37, 156, 449, 371, 191, 189, 358, 339, 19, 337, 357, 262, 336, 185, 425, 188, 207, 215, 202, 428, 205, 183, 169, 365, 20, 346, 269, 374, 224, 424, 16, 29, 362, 341, 175, 173, 5, 193, 375, 176, 332, 184, 347, 7, 182, 179, 10, 260, 18, 370, 64, 350, 437, 359, 220, 391, 63, 223, 230, 17, 356, 38, 423, 261, 209, 334, 422, 317, 389, 168, 431, 268, 265, 70, 348, 319, 170, 363, 25, 355, 248, 154, 42, 2, 368, 62, 36, 213, 329, 349, 66, 31, 47, 383, 377, 426, 340, 228, 412, 282, 133, 167, 4, 280, 257, 360, 12, 420, 71, 75, 34, 104, 180, 119, 392, 214, 77, 219, 6, 324, 400, 117, 342, 338, 186, 367, 327, 69, 48, 128, 163, 73, 399, 204, 55, 418, 295, 27, 50, 397, 344, 3, 139, 276, 212, 354, 225, 15, 378, 92, 155, 68, 165, 177, 318, 353, 279, 232, 351, 390, 415, 364, 293, 274, 13, 121, 72, 112, 352, 74, 166, 101, 83, 396, 236, 413, 152, 330, 430, 56, 416, 32, 384, 114, 14, 218, 239, 286, 67, 216, 136, 237, 9, 411, 197, 243, 287, 281, 49, 325, 103, 299, 161, 80, 99, 386, 402, 123, 305, 221, 22, 144, 285, 294, 406, 46, 88, 110, 142, 113, 30, 255, 432, 98, 380, 61, 106, 277, 409, 8, 115, 429, 84, 127, 160, 54, 241, 234, 118, 408, 150, 129, 401, 283, 381, 105, 222, 316, 289, 153, 76, 125, 242, 140, 311, 93, 57, 227, 271, 52, 290, 33, 100, 308, 87, 134, 231, 320, 252, 89, 116, 141, 273, 301, 81, 414, 94, 151, 245, 288, 130, 272, 178, 314, 149, 246, 158, 307, 51, 97, 126, 120, 322, 78, 387, 147, 310, 238, 249, 40, 211, 296, 148, 60, 159, 303, 403, 102, 135, 138, 226, 85, 251, 312, 388, 171, 107, 240, 164, 328, 253, 410, 1, 297, 284, 315, 382, 313, 79, 95, 398, 143, 229, 132, 321, 58, 86, 41, 162, 244, 96, 270, 291, 379, 404, 90, 108, 137, 172, 250, 298, 302, 417, 59, 122, 304, 419, 23, 82, 109, 124, 145, 174, 233, 247, 275, 292, 306, 323, 376


Tempo de Execuçao: 35.190885 s

