Trabalho de Grafos
Autor: Helder Linhares Bertoldo dos Reis
Matrícula: 201465555A


- Análise do Grafo -

Número de Vértices: 450
Número de Arestas: 17831



Algoritmo Construtivo Guloso
Cobertura de Menor Custo: 429
Vertices Utilizados: 
75, 377, 379, 118, 269, 5, 380, 228, 268, 384, 109, 115, 258, 387, 232, 287, 359, 3, 231, 355, 119, 376, 382, 25, 233, 352, 113, 390, 11, 83, 116, 226, 303, 202, 347, 106, 236, 64, 110, 204, 353, 234, 10, 205, 288, 358, 360, 26, 117, 211, 4, 235, 356, 60, 201, 29, 260, 6, 112, 240, 295, 302, 331, 388, 37, 8, 42, 239, 261, 394, 35, 224, 230, 417, 111, 197, 341, 237, 309, 346, 47, 266, 63, 196, 351, 70, 229, 395, 85, 198, 223, 348, 39, 265, 338, 56, 139, 292, 107, 354, 378, 16, 270, 2, 45, 218, 414, 51, 120, 141, 227, 304, 383, 425, 398, 419, 36, 114, 200, 213, 389, 23, 49, 72, 335, 413, 208, 190, 214, 301, 350, 46, 137, 48, 79, 199, 401, 424, 146, 153, 263, 312, 82, 150, 186, 334, 206, 219, 238, 349, 406, 55, 80, 207, 433, 147, 256, 391, 411, 245, 313, 182, 381, 13, 126, 215, 249, 277, 14, 27, 52, 135, 144, 267, 305, 212, 310, 416, 58, 273, 357, 385, 402, 34, 108, 138, 345, 423, 30, 252, 86, 164, 209, 216, 88, 243, 259, 279, 18, 57, 68, 183, 203, 220, 262, 431, 272, 434, 71, 129, 187, 404, 275, 294, 66, 134, 105, 157, 189, 271, 342, 74, 89, 217, 300, 426, 136, 222, 343, 439, 32, 142, 253, 264, 405, 410, 44, 130, 308, 422, 15, 54, 181, 290, 409, 38, 122, 180, 296, 315, 323, 421, 76, 97, 188, 418, 61, 154, 167, 276, 7, 87, 94, 158, 184, 291, 321, 399, 123, 140, 185, 50, 125, 177, 192, 318, 429, 441, 96, 241, 286, 306, 375, 432, 133, 143, 446, 90, 165, 168, 278, 324, 344, 396, 53, 444, 12, 62, 93, 162, 193, 242, 283, 289, 319, 104, 145, 169, 257, 298, 366, 450, 149, 171, 194, 210, 327, 21, 41, 98, 156, 255, 339, 370, 84, 173, 221, 408, 43, 65, 163, 329, 361, 19, 95, 127, 166, 244, 274, 337, 364, 436, 174, 225, 248, 281, 316, 365, 124, 251, 325, 367, 438, 20, 78, 100, 132, 152, 328, 67, 155, 170, 246, 297, 333, 371, 420, 440, 99, 191, 330, 336, 448, 17, 40, 103, 178, 307, 363, 400, 22, 77, 159, 280, 368, 412, 427, 437, 59, 69, 121, 175, 247, 314, 317, 373, 442, 28, 33, 91, 160, 179, 284, 340, 403, 1, 362, 430, 443, 92, 250, 285, 293, 320, 369, 392, 407, 445, 73, 101, 128, 151, 172, 311, 322, 372, 393, 428, 447
Tempo de Execuçao: 0.176460 s


Algoritmo Construtivo Guloso Randomizado
--- Descrição da Cobertura Mínimal em Custo de Vértices Ponderados ---

Alfa: 0.150000
Cobertura de Menor Custo: 428
Melhor Semente: 5
Vertices utilizados: 
106, 234, 228, 11, 265, 350, 389, 288, 5, 360, 110, 65, 390, 211, 202, 75, 355, 83, 303, 233, 384, 266, 359, 413, 380, 26, 268, 358, 204, 235, 261, 256, 2, 348, 269, 72, 229, 112, 108, 394, 37, 41, 116, 226, 68, 232, 263, 258, 118, 201, 260, 378, 6, 117, 356, 45, 196, 302, 8, 236, 237, 213, 376, 47, 347, 223, 113, 331, 299, 304, 239, 198, 388, 34, 64, 114, 197, 391, 351, 289, 419, 382, 291, 395, 43, 240, 248, 292, 109, 353, 42, 200, 287, 398, 18, 49, 60, 51, 301, 310, 218, 238, 3, 231, 35, 139, 55, 346, 25, 141, 63, 425, 219, 424, 295, 119, 182, 377, 107, 259, 90, 205, 70, 17, 414, 416, 146, 56, 23, 32, 214, 115, 392, 20, 338, 208, 315, 157, 85, 188, 401, 335, 432, 203, 383, 57, 357, 144, 267, 270, 249, 252, 135, 354, 140, 39, 52, 71, 153, 16, 387, 245, 227, 80, 277, 273, 86, 279, 79, 88, 290, 183, 10, 230, 127, 313, 349, 309, 129, 411, 410, 82, 417, 143, 29, 212, 120, 352, 343, 434, 14, 426, 386, 186, 7, 345, 220, 300, 199, 137, 423, 206, 46, 151, 147, 341, 48, 15, 381, 145, 420, 192, 76, 406, 165, 262, 334, 93, 50, 185, 427, 209, 58, 66, 438, 216, 122, 187, 150, 314, 224, 142, 276, 250, 344, 264, 98, 78, 222, 431, 298, 162, 312, 305, 172, 215, 125, 194, 189, 44, 405, 73, 296, 342, 340, 167, 87, 94, 105, 444, 12, 54, 272, 429, 164, 190, 325, 176, 136, 89, 138, 329, 439, 324, 160, 243, 96, 294, 177, 430, 111, 174, 21, 102, 409, 30, 128, 61, 81, 327, 191, 274, 193, 370, 408, 166, 418, 84, 161, 173, 366, 402, 181, 323, 286, 100, 210, 123, 158, 124, 74, 442, 207, 253, 404, 433, 364, 284, 428, 321, 399, 152, 170, 445, 282, 333, 318, 130, 446, 132, 171, 371, 225, 92, 126, 379, 254, 221, 450, 365, 19, 53, 255, 440, 306, 62, 361, 441, 154, 184, 275, 257, 180, 101, 311, 149, 322, 247, 31, 367, 131, 33, 283, 28, 372, 330, 396, 95, 328, 36, 241, 156, 24, 375, 339, 407, 175, 155, 443, 159, 97, 67, 436, 280, 178, 363, 4, 403, 104, 251, 271, 319, 317, 297, 449, 13, 374, 332, 121, 244, 169, 38, 316, 99, 195, 308, 362, 393, 179, 281, 337, 69, 22, 134, 368, 421, 397, 447, 242, 1, 9, 91, 285, 326, 412, 369, 437, 435


Alfa: 0.250000
Cobertura de Menor Custo: 430
Melhor Semente: 17
Vertices utilizados: 
35, 10, 350, 106, 65, 286, 107, 198, 356, 197, 378, 75, 196, 11, 294, 239, 358, 292, 2, 236, 116, 229, 384, 233, 235, 376, 39, 115, 85, 394, 261, 83, 355, 3, 228, 64, 1, 62, 237, 338, 341, 60, 260, 226, 295, 345, 287, 45, 351, 15, 296, 26, 41, 359, 70, 6, 265, 110, 348, 43, 34, 353, 288, 201, 382, 404, 302, 387, 266, 118, 291, 389, 245, 270, 5, 312, 14, 72, 269, 352, 380, 289, 4, 315, 401, 220, 411, 301, 200, 117, 67, 424, 223, 414, 111, 331, 304, 224, 349, 419, 113, 227, 120, 230, 69, 390, 398, 377, 388, 205, 234, 256, 56, 425, 202, 346, 208, 108, 231, 8, 309, 32, 249, 430, 413, 47, 119, 121, 79, 137, 219, 211, 207, 16, 354, 360, 259, 25, 272, 238, 17, 423, 391, 7, 55, 339, 416, 132, 186, 52, 214, 63, 432, 204, 192, 36, 112, 27, 206, 303, 87, 203, 114, 383, 95, 277, 157, 49, 109, 209, 153, 139, 23, 105, 28, 66, 126, 48, 379, 141, 93, 347, 248, 305, 215, 46, 405, 189, 18, 150, 426, 262, 340, 68, 182, 263, 88, 276, 217, 57, 199, 44, 213, 243, 158, 80, 342, 323, 431, 273, 82, 442, 310, 433, 188, 313, 129, 439, 242, 335, 164, 264, 58, 175, 174, 279, 71, 42, 86, 76, 410, 51, 183, 134, 145, 29, 385, 140, 152, 73, 241, 124, 444, 285, 212, 357, 412, 406, 21, 252, 100, 308, 298, 329, 427, 267, 402, 334, 324, 190, 218, 232, 438, 30, 147, 94, 258, 143, 450, 434, 240, 283, 278, 290, 122, 395, 429, 156, 178, 169, 253, 336, 181, 96, 370, 417, 361, 343, 268, 40, 222, 364, 184, 162, 386, 53, 185, 37, 148, 216, 440, 59, 319, 318, 168, 97, 84, 435, 61, 125, 247, 160, 420, 311, 443, 166, 441, 274, 172, 396, 99, 366, 392, 306, 187, 170, 50, 163, 127, 193, 365, 321, 136, 77, 20, 446, 173, 90, 149, 271, 399, 89, 92, 448, 246, 362, 123, 12, 407, 297, 284, 418, 375, 300, 38, 155, 244, 191, 133, 159, 144, 135, 275, 24, 328, 104, 325, 177, 374, 138, 316, 146, 171, 447, 445, 154, 322, 130, 102, 78, 369, 409, 373, 368, 151, 326, 98, 165, 167, 397, 195, 22, 367, 250, 333, 251, 344, 33, 330, 281, 381, 91, 13, 437, 421, 293, 400, 194, 221, 54, 176, 280, 307, 9, 317, 408, 372, 74, 31, 337, 128, 210, 81, 179, 254, 314, 320, 257, 371, 393, 422, 103, 449


Alfa: 0.350000
Cobertura de Menor Custo: 432
Melhor Semente: 1
Vertices utilizados: 
376, 260, 209, 389, 292, 204, 227, 5, 45, 360, 25, 265, 302, 68, 218, 35, 286, 378, 346, 79, 119, 8, 9, 15, 198, 387, 62, 6, 404, 29, 228, 413, 301, 410, 109, 200, 379, 383, 414, 2, 350, 394, 353, 13, 234, 111, 134, 214, 406, 288, 41, 213, 231, 30, 382, 80, 335, 386, 122, 153, 345, 266, 240, 223, 47, 55, 377, 384, 296, 354, 46, 411, 390, 121, 51, 270, 205, 409, 211, 106, 31, 85, 157, 261, 48, 120, 380, 115, 268, 235, 202, 351, 401, 36, 81, 385, 116, 349, 432, 66, 112, 237, 40, 269, 10, 208, 287, 146, 391, 127, 303, 356, 256, 243, 192, 229, 114, 82, 398, 427, 359, 129, 331, 7, 263, 423, 405, 107, 416, 309, 108, 348, 14, 314, 34, 138, 233, 212, 140, 71, 295, 236, 3, 355, 150, 426, 220, 248, 18, 21, 117, 4, 49, 61, 339, 267, 147, 42, 259, 226, 65, 139, 183, 199, 305, 57, 43, 338, 299, 239, 306, 11, 94, 393, 26, 197, 334, 412, 75, 141, 87, 300, 428, 217, 310, 207, 86, 249, 206, 358, 284, 272, 136, 439, 347, 194, 83, 327, 252, 118, 93, 402, 424, 271, 144, 59, 97, 425, 238, 381, 232, 224, 431, 186, 187, 230, 258, 37, 433, 277, 64, 421, 352, 201, 275, 182, 17, 342, 110, 203, 313, 67, 181, 291, 32, 74, 69, 165, 408, 152, 430, 28, 225, 279, 50, 282, 102, 403, 60, 63, 193, 219, 135, 419, 56, 171, 262, 184, 304, 123, 319, 96, 357, 190, 420, 142, 278, 294, 434, 323, 172, 38, 76, 321, 23, 162, 388, 222, 158, 188, 221, 196, 337, 137, 53, 297, 19, 361, 340, 450, 245, 52, 176, 442, 77, 155, 167, 244, 332, 253, 126, 417, 311, 113, 159, 375, 164, 324, 103, 170, 242, 257, 441, 78, 329, 169, 440, 318, 312, 273, 89, 98, 365, 177, 130, 88, 189, 145, 174, 58, 436, 366, 363, 374, 39, 143, 372, 91, 148, 341, 178, 131, 250, 54, 92, 328, 418, 422, 22, 373, 392, 448, 315, 151, 180, 156, 254, 280, 317, 16, 293, 105, 90, 443, 362, 246, 255, 216, 175, 241, 70, 399, 133, 367, 344, 195, 395, 298, 210, 276, 371, 322, 215, 446, 95, 104, 154, 438, 343, 44, 396, 168, 264, 285, 124, 330, 99, 251, 447, 1, 289, 336, 73, 325, 161, 290, 369, 24, 166, 274, 326, 449, 163, 444, 429, 27, 283, 100, 128, 437, 281, 72, 370, 307, 132, 316, 364, 173, 407, 308, 397, 33, 185


Tempo de Execuçao: 15.649160 s

Algoritmo Construtivo Guloso Randomizado Reativo
--- Descrição da Cobertura Mínimal em Custo de Vértices Ponderados ---

Alfa: 0.050000
Cobertura de Menor Custo: 428
Vertices utilizados: 
287, 380, 390, 226, 379, 75, 232, 5, 3, 118, 11, 231, 384, 25, 299, 115, 355, 291, 258, 240, 202, 235, 116, 288, 347, 387, 106, 268, 109, 119, 359, 228, 236, 234, 83, 382, 303, 4, 353, 6, 352, 64, 376, 356, 26, 107, 360, 211, 377, 110, 302, 60, 266, 269, 295, 204, 260, 196, 42, 230, 201, 395, 292, 331, 32, 261, 113, 229, 37, 388, 237, 39, 117, 394, 348, 389, 29, 256, 309, 265, 35, 413, 111, 233, 341, 85, 51, 358, 70, 68, 56, 141, 351, 227, 224, 114, 391, 198, 350, 140, 63, 10, 270, 46, 354, 414, 112, 157, 304, 425, 34, 88, 190, 205, 346, 239, 108, 335, 214, 36, 338, 432, 17, 52, 213, 82, 197, 383, 139, 48, 23, 259, 223, 411, 398, 146, 262, 137, 49, 424, 147, 238, 267, 378, 313, 206, 186, 419, 305, 334, 120, 401, 218, 16, 79, 209, 138, 153, 245, 47, 219, 14, 57, 182, 301, 252, 417, 312, 272, 416, 150, 55, 208, 135, 199, 220, 203, 385, 249, 215, 126, 144, 273, 357, 349, 423, 345, 406, 381, 310, 426, 145, 2, 189, 402, 86, 87, 164, 20, 44, 263, 277, 80, 72, 18, 50, 58, 129, 212, 181, 300, 418, 183, 434, 30, 136, 200, 105, 431, 187, 289, 279, 90, 216, 420, 142, 243, 8, 433, 122, 343, 94, 76, 324, 264, 7, 276, 222, 130, 290, 410, 340, 430, 314, 15, 329, 274, 65, 74, 296, 194, 165, 315, 439, 54, 143, 294, 31, 409, 154, 128, 405, 306, 169, 192, 318, 45, 173, 93, 121, 188, 450, 429, 172, 207, 185, 123, 167, 217, 298, 399, 408, 323, 242, 89, 421, 127, 404, 102, 61, 174, 193, 41, 444, 327, 162, 195, 337, 275, 98, 297, 321, 370, 125, 253, 148, 160, 177, 21, 375, 96, 166, 271, 412, 286, 442, 316, 210, 158, 366, 78, 100, 71, 221, 441, 342, 43, 178, 248, 159, 364, 396, 438, 22, 170, 95, 156, 255, 284, 66, 251, 319, 317, 361, 19, 436, 171, 365, 328, 163, 257, 393, 97, 131, 179, 184, 62, 241, 362, 149, 278, 155, 332, 191, 371, 91, 325, 448, 175, 244, 443, 38, 392, 12, 77, 101, 280, 152, 367, 445, 67, 99, 308, 326, 333, 133, 339, 369, 13, 40, 180, 282, 363, 422, 437, 400, 27, 1, 53, 134, 311, 368, 322, 446, 73, 81, 104, 161, 247, 344, 283, 372, 24, 33, 103, 225, 246, 330, 427, 440, 69, 124, 168, 250, 281, 373, 397, 407, 428, 447


Tempo de Execuçao: 35.059585 s

